日期,開盤,最高,最低,收盤,漲跌,漲跌%,均價5,均價10,均價20,均價60,均價120,成交量,均量5,融資張數,均量5,均量10,融券張數,均量5,均量10,騰落指標,漲跌家數,外資庫存,均量5,均量10,投信庫存,均量5,均量10,自營商庫存,均量5,均量10,法人庫存,均量5,均量10,未平倉量
2019/10/7,44.5,68.4,44.5,68.4,0,0,,,,,,78920,,0,,,0,,,-35922,-35922,0,,,0,,,0,,,0,,,0
2019/10/8,65,65,58.81,60.5,-7.9,-11.5497,,,,,,22601,,0,,,0,,,-36019,-97,0,,,0,,,0,,,0,,,0
2019/10/9,58.44,60.52,57.5,58.2,-2.3,-3.8017,,,,,,16370,,0,,,0,,,-36357,-338,0,,,0,,,0,,,0,,,0
2019/10/14,60,65.2,60,65.19,6.99,12.0103,,,,,,27310,,0,,,0,,,-36034,323,0,,,0,,,0,,,0,,,0
2019/10/15,64.01,65.19,63.8,64.23,-0.96,-1.4726,63.304,,,,,11020,31244,0,0,,0,0,,-35989,45,0,0,,0,0,,0,0,,0,0,,0
2019/10/16,61.95,62.2,61.93,62.01,-2.22,-3.4563,62.026,,,,,13080,18076,0,0,,0,0,,-35709,280,0,0,,0,0,,0,0,,0,0,,0
2019/10/21,65.04,68.21,65.04,68,5.99,9.6597,63.526,,,,,20500,17656,0,0,,0,0,,-35417,292,0,0,,0,0,,0,0,,0,0,,0
2019/10/22,70.51,70.51,69.99,69.99,1.99,2.9265,65.884,,,,,12000,16782,0,0,,0,0,,-35377,40,0,0,,0,0,,0,0,,0,0,,0
2019/10/23,69.01,69.01,66.79,67,-2.99,-4.272,66.246,,,,,13000,13920,0,0,,0,0,,-35608,-231,0,0,,0,0,,0,0,,0,0,,0
2019/10/24,67.95,67.95,67.95,67.95,0.95,1.4179,66.99,65.147,,,,1,11716,0,0,0,0,0,0,-35262,346,0,0,0,0,0,0,0,0,0,0,0,0,0
2019/10/28,66.03,66.49,64.79,64.79,-3.16,-4.6505,67.546,64.786,,,,5200,10140,0,0,0,0,0,0,-35579,-317,0,0,0,0,0,0,0,0,0,0,0,0,0
2019/11/1,66.49,66.79,66,66.79,2,3.0869,67.304,65.415,,,,10250,8090,0,0,0,0,0,0,-35906,-327,0,0,0,0,0,0,0,0,0,0,0,0,0
2019/11/15,63.5,63.99,63.5,63.95,-2.84,-4.2521,66.096,65.99,,,,2425,6175,0,0,0,0,0,0,-36611,-705,0,0,0,0,0,0,0,0,0,0,0,0,0
2019/11/18,63.81,63.81,63.41,63.41,-0.54,-0.8444,65.378,65.812,,,,2485,4072,0,0,0,0,0,0,-36517,94,0,0,0,0,0,0,0,0,0,0,0,0,0
2019/11/20,63.5,63.7,63.5,63.5,0.09,0.1419,64.488,65.739,,,,4300,4932,0,0,0,0,0,0,-36443,74,0,0,0,0,0,0,0,0,0,0,0,0,0
2019/11/21,63.5,63.5,63.49,63.49,-0.01,-0.0157,64.228,65.887,,,,5000,4892,0,0,0,0,0,0,-36719,-276,0,0,0,0,0,0,0,0,0,0,0,0,0
2019/11/25,60.62,61,60.62,60.62,-2.87,-4.5204,62.994,65.149,,,,9060,4654,0,0,0,0,0,0,-36547,172,0,0,0,0,0,0,0,0,0,0,0,0,0
2019/11/26,60.61,60.82,60.43,60.62,0,0,62.328,64.212,,,,3147,4798,0,0,0,0,0,0,-36423,124,0,0,0,0,0,0,0,0,0,0,0,0,0
2019/11/27,60.42,60.42,57.77,58,-2.62,-4.322,61.246,63.312,,,,11180,6537,0,0,0,0,0,0,-36298,125,0,0,0,0,0,0,0,0,0,0,0,0,0
2019/11/28,58.5,58.5,57.62,58.18,0.18,0.3103,60.182,62.335,63.741,,,6095,6896,0,0,0,0,0,0,-36439,-141,0,0,0,0,0,0,0,0,0,0,0,0,0
2019/11/29,58.18,58.18,57.85,58.16,-0.02,-0.0344,59.116,61.672,63.229,,,15060,8908,0,0,0,0,0,0,-36951,-512,0,0,0,0,0,0,0,0,0,0,0,0,0
2019/12/2,57.91,58.09,57.89,57.9,-0.26,-0.447,58.572,60.783,63.099,,,13445,9785,0,0,0,0,0,0,-37276,-325,0,0,0,0,0,0,0,0,0,0,0,0,0
2019/12/3,58.18,58.19,57.99,57.99,0.09,0.1554,58.046,60.187,63.0885,,,7265,10609,0,0,0,0,0,0,-37086,190,0,0,0,0,0,0,0,0,0,0,0,0,0
2019/12/4,58.37,58.39,58.2,58.2,0.21,0.3621,58.086,59.666,62.739,,,8100,9993,0,0,0,0,0,0,-37189,-103,0,0,0,0,0,0,0,0,0,0,0,0,0
2019/12/5,58.2,58.38,58.18,58.18,-0.02,-0.0344,58.086,59.134,62.4365,,,7060,10186,0,0,0,0,0,0,-36984,205,0,0,0,0,0,0,0,0,0,0,0,0,0
2019/12/9,58.37,58.37,57.82,57.82,-0.36,-0.6188,58.018,58.567,62.227,,,2060,7586,0,0,0,0,0,0,-36905,79,0,0,0,0,0,0,0,0,0,0,0,0,0
2019/12/10,58,58.37,58,58.37,0.55,0.9512,58.112,58.342,61.7455,,,3020,5501,0,0,0,0,0,0,-36897,8,0,0,0,0,0,0,0,0,0,0,0,0,0
2019/12/11,57.82,58,57.81,58,-0.37,-0.6339,58.114,58.08,61.146,,,6040,5256,0,0,0,0,0,0,-36840,57,0,0,0,0,0,0,0,0,0,0,0,0,0
2019/12/13,58,58,55.1,57.99,-0.01,-0.0172,58.072,58.079,60.6955,,,4482,4532,0,0,0,0,0,0,-37152,-312,0,0,0,0,0,0,0,0,0,0,0,0,0
2019/12/17,55.11,55.57,55.1,55.57,-2.42,-4.1731,57.55,57.818,60.0765,,,20200,7160,0,0,0,0,0,0,-36422,730,0,0,0,0,0,0,0,0,0,0,0,0,0
2019/12/18,57.8,57.8,57.8,57.8,2.23,4.013,57.546,57.782,59.727,,,3000,7348,0,0,0,0,0,0,-36194,228,0,0,0,0,0,0,0,0,0,0,0,0,0
2019/12/19,56.82,57,56.82,57,-0.8,-1.3841,57.272,57.692,59.2375,,,1060,6956,0,0,0,0,0,0,-36389,-195,0,0,0,0,0,0,0,0,0,0,0,0,0
2019/12/20,56.81,57.18,56.81,57.17,0.17,0.2982,57.106,57.61,58.8985,,,2560,6260,0,0,0,0,0,0,-36481,-92,0,0,0,0,0,0,0,0,0,0,0,0,0
2019/12/23,56.82,57.03,56.82,57.03,-0.14,-0.2449,56.914,57.493,58.5795,,,255,5415,0,0,0,0,0,0,-36495,-14,0,0,0,0,0,0,0,0,0,0,0,0,0
2019/12/24,57.17,57.17,56.95,56.95,-0.08,-0.1403,57.19,57.37,58.252,,,5000,2375,0,0,0,0,0,0,-36578,-83,0,0,0,0,0,0,0,0,0,0,0,0,0
2019/12/27,57.18,57.2,57,57.02,0.07,0.1229,57.034,57.29,57.9285,,,11060,3987,0,0,0,0,0,0,-36223,355,0,0,0,0,0,0,0,0,0,0,0,0,0
2019/12/30,57.01,57.02,57.01,57.02,0,0,57.038,57.155,57.7485,,,3000,4375,0,0,0,0,0,0,-36268,-45,0,0,0,0,0,0,0,0,0,0,0,0,0
2019/12/31,57,57.2,57,57.03,0.01,0.0175,57.01,57.058,57.569,,,1610,4185,0,0,0,0,0,0,-36334,-66,0,0,0,0,0,0,0,0,0,0,0,0,0
2020/1/2,57.5,57.5,57.5,57.5,0.47,0.8241,57.104,57.009,57.544,,,1900,4514,0,0,0,0,0,0,-35922,412,0,0,0,0,0,0,0,0,0,0,0,0,0
2020/1/3,57.5,57.8,57.5,57.8,0.3,0.5217,57.274,57.232,57.525,,,2044,3922,0,0,0,0,0,0,-36236,-314,0,0,0,0,0,0,0,0,0,0,0,0,0
2020/1/6,57.06,57.25,57.06,57.25,-0.55,-0.9516,57.32,57.177,57.4795,,,4500,2610,0,0,0,0,0,0,-36783,-547,0,0,0,0,0,0,0,0,0,0,0,0,0
2020/1/8,57.18,57.18,57,57,-0.25,-0.4367,57.316,57.177,57.4345,,,5000,3010,0,0,0,0,0,0,-37578,-795,0,0,0,0,0,0,0,0,0,0,0,0,0
2020/1/9,56.94,57.49,56.94,57.49,0.49,0.8596,57.408,57.209,57.4095,,,9000,4488,0,0,0,0,0,0,-37111,467,0,0,0,0,0,0,0,0,0,0,0,0,0
2020/1/10,57.49,57.5,57.49,57.5,0.01,0.0174,57.408,57.256,57.3745,,,6100,5328,0,0,0,0,0,0,-36911,200,0,0,0,0,0,0,0,0,0,0,0,0,0
2020/1/14,57.31,57.31,57.31,57.31,-0.19,-0.3304,57.31,57.292,57.331,,,1500,5220,0,0,0,0,0,0,-36345,566,0,0,0,0,0,0,0,0,0,0,0,0,0
2020/1/15,57.01,57.31,57.01,57.31,0,0,57.322,57.321,57.3055,,,3400,5000,0,0,0,0,0,0,-36539,-194,0,0,0,0,0,0,0,0,0,0,0,0,0
2020/1/16,57.01,57.37,57.01,57.27,-0.04,-0.0698,57.376,57.346,57.2505,,,8000,5600,0,0,0,0,0,0,-36333,206,0,0,0,0,0,0,0,0,0,0,0,0,0
2020/1/17,57.99,57.99,57.99,57.99,0.72,1.2572,57.476,57.442,57.25,,,100,3820,0,0,0,0,0,0,-36272,61,0,0,0,0,0,0,0,0,0,0,0,0,0
2020/1/20,57.3,57.5,57.3,57.49,-0.5,-0.8622,57.474,57.441,57.225,,,9000,4400,0,0,0,0,0,0,-36155,117,0,0,0,0,0,0,0,0,0,0,0,0,0
2020/1/30,57.01,57.01,57,57,-0.49,-0.8523,57.412,57.361,57.2965,,,1569,4413,0,0,0,0,0,0,-37213,-1058,0,0,0,0,0,0,0,0,0,0,0,0,0
2020/1/31,57,57.39,57,57.39,0.39,0.6842,57.428,57.375,57.276,,,4000,4533,0,0,0,0,0,0,-36903,310,0,0,0,0,0,0,0,0,0,0,0,0,0
2020/2/3,57.38,57.38,57.38,57.38,-0.01,-0.0174,57.45,57.413,57.295,,,3000,3533,0,0,0,0,0,0,-37536,-633,0,0,0,0,0,0,0,0,0,0,0,0,0
2020/2/4,57.38,57.38,57.38,57.38,0,0,57.328,57.402,57.3055,,,3000,4113,0,0,0,0,0,0,-36882,654,0,0,0,0,0,0,0,0,0,0,0,0,0
2020/2/6,57.17,57.17,57.17,57.17,-0.21,-0.366,57.264,57.369,57.3125,,,500,2413,0,0,0,0,0,0,-36318,564,0,0,0,0,0,0,0,0,0,0,0,0,0
2020/2/11,55.42,57,55.42,57,-0.17,-0.2974,57.264,57.338,57.315,,,3000,2700,0,0,0,0,0,0,-36963,-645,0,0,0,0,0,0,0,0,0,0,0,0,0
2020/2/12,55.42,55.42,55.42,55.42,-1.58,-2.7719,56.87,57.149,57.235,,,1000,2100,0,0,0,0,0,0,-36484,479,0,0,0,0,0,0,0,0,0,0,0,0,0
2020/2/17,55.42,56.18,55.42,56,0.58,1.0466,56.594,57.022,57.184,,,14000,4300,0,0,0,0,0,0,-36638,-154,0,0,0,0,0,0,0,0,0,0,0,0,0
2020/2/19,55.63,55.63,55.63,55.63,-0.37,-0.6607,56.244,56.786,57.114,,,2000,4100,0,0,0,0,0,0,-36147,491,0,0,0,0,0,0,0,0,0,0,0,0,0
2020/2/21,55.63,56,55.63,56,0.37,0.6651,56.01,56.637,57.039,,,6000,5200,0,0,0,0,0,0,-36437,-290,0,0,0,0,0,0,0,0,0,0,0,0,0
2020/2/24,55.82,55.82,55.63,55.63,-0.37,-0.6607,55.736,56.5,56.9305,59.3988,,3000,5200,0,0,0,0,0,0,-36981,-544,0,0,0,0,0,0,0,0,0,0,0,0,0
2020/2/25,55,55.7,55,55.7,0.07,0.1258,55.792,56.331,56.853,59.1872,,2000,5400,0,0,0,0,0,0,-37342,-361,0,0,0,0,0,0,0,0,0,0,0,0,0
2020/2/26,55.7,55.7,55.7,55.7,0,0,55.732,56.163,56.788,59.1072,,3000,3200,0,0,0,0,0,0,-37584,-242,0,0,0,0,0,0,0,0,0,0,0,0,0
2020/2/27,55,55,55,55,-0.7,-1.2567,55.606,55.925,56.6635,59.0538,,2000,3200,0,0,0,0,0,0,-38209,-625,0,0,0,0,0,0,0,0,0,0,0,0,0
2020/3/2,55.15,55.15,54.33,54.33,-0.67,-1.2182,55.272,55.641,56.505,58.8728,,3500,2700,0,0,0,0,0,0,-38548,-339,0,0,0,0,0,0,0,0,0,0,0,0,0
2020/3/3,55,55,55,55,0.67,1.2332,55.146,55.441,56.3895,58.719,,6000,3300,0,0,0,0,0,0,-37979,569,0,0,0,0,0,0,0,0,0,0,0,0,0
2020/3/4,55,55,55,55,0,0,55.006,55.399,56.274,58.6022,,1000,3100,0,0,0,0,0,0,-38136,-157,0,0,0,0,0,0,0,0,0,0,0,0,0
2020/3/5,52.43,52.99,49.26,50,-5,-9.0909,53.866,54.799,55.9105,58.3022,,4172,3334,0,0,0,0,0,0,-37523,613,0,0,0,0,0,0,0,0,0,0,0,0,0
2020/3/6,50,50,50,50,0,0,52.866,54.236,55.511,57.969,,3000,3534,0,0,0,0,0,0,-38014,-491,0,0,0,0,0,0,0,0,0,0,0,0,0
2020/3/9,47.66,47.66,47.66,47.66,-2.34,-4.68,51.532,53.402,55.0195,57.6467,,1500,3134,0,0,0,0,0,0,-38866,-852,0,0,0,0,0,0,0,0,0,0,0,0,0
2020/3/10,47.66,47.66,47.66,47.66,0,0,50.064,52.605,54.5525,57.3085,,1000,2134,0,0,0,0,0,0,-38978,-112,0,0,0,0,0,0,0,0,0,0,0,0,0
2020/3/11,47.51,47.66,47.51,47.51,-0.15,-0.3147,48.566,51.786,54.0585,57.0205,,6070,3148,0,0,0,0,0,0,-39339,-361,0,0,0,0,0,0,0,0,0,0,0,0,0
2020/3/12,47.73,47.73,47.58,47.58,0.07,0.1473,48.082,50.974,53.5685,56.7003,,6000,3514,0,0,0,0,0,0,-40310,-971,0,0,0,0,0,0,0,0,0,0,0,0,0
2020/3/13,46.28,46.28,46.28,46.28,-1.3,-2.7322,47.338,50.102,53.0135,56.4058,,1000,3114,0,0,0,0,0,0,-41205,-895,0,0,0,0,0,0,0,0,0,0,0,0,0
2020/3/17,46.27,46.27,46.27,46.27,-0.01,-0.0216,47.06,49.296,52.4685,56.1202,,1000,3014,0,0,0,0,0,0,-42721,-1516,0,0,0,0,0,0,0,0,0,0,0,0,0
2020/3/18,45.27,45.27,45.27,45.27,-1,-2.1612,46.582,48.323,51.882,55.8163,,899,2993,0,0,0,0,0,0,-43255,-534,0,0,0,0,0,0,0,0,0,0,0,0,0
2020/3/19,45.27,45.27,45,45,-0.27,-0.5964,46.08,47.323,51.361,55.5082,,11500,4079,0,0,0,0,0,0,-44511,-1256,0,0,0,0,0,0,0,0,0,0,0,0,0
2020/3/20,45.45,45.45,45.45,45.45,0.45,1,45.654,46.868,50.8335,55.2553,,1000,3079,0,0,0,0,0,0,-43548,963,0,0,0,0,0,0,0,0,0,0,0,0,0
2020/3/23,45.4,45.4,45,45.4,-0.05,-0.11,45.478,46.408,50.322,55.0017,,3500,3579,0,0,0,0,0,0,-44144,-596,0,0,0,0,0,0,0,0,0,0,0,0,0
2020/3/24,45,45.3,45,45.3,-0.1,-0.2203,45.284,46.172,49.787,54.79,,4000,4179,0,0,0,0,0,0,-43306,838,0,0,0,0,0,0,0,0,0,0,0,0,0
2020/3/25,45,45.2,45,45.2,-0.1,-0.2208,45.27,45.926,49.2655,54.5737,,9000,5800,0,0,0,0,0,0,-42402,904,0,0,0,0,0,0,0,0,0,0,0,0,0
2020/3/26,45.05,45.05,45,45,-0.2,-0.4425,45.27,45.675,48.7305,54.3543,,5000,4500,0,0,0,0,0,0,-42026,376,0,0,0,0,0,0,0,0,0,0,0,0,0
2020/3/30,46,46,46,46,1,2.2222,45.38,45.517,48.2455,54.156,,1000,4500,0,0,0,0,0,0,-41924,102,0,0,0,0,0,0,0,0,0,0,0,0,0
2020/3/31,45,45,45,45,-1,-2.1739,45.3,45.389,47.7455,53.9395,,500,3900,0,0,0,0,0,0,-41657,267,0,0,0,0,0,0,0,0,0,0,0,0,0
2020/4/1,45,45.65,45,45.65,0.65,1.4444,45.37,45.327,47.3115,53.7303,,3000,3700,0,0,0,0,0,0,-41418,239,0,0,0,0,0,0,0,0,0,0,0,0,0
2020/4/6,45,45,45,45,-0.65,-1.4239,45.33,45.3,46.8115,53.5107,,1000,2100,0,0,0,0,0,0,-41069,349,0,0,0,0,0,0,0,0,0,0,0,0,0
2020/4/7,45,45,45,45,0,0,45.33,45.3,46.3115,53.297,,1000,1300,0,0,0,0,0,0,-40383,686,0,0,0,0,0,0,0,0,0,0,0,0,0
2020/4/8,45,45,45,45,0,0,45.13,45.255,46.0615,53.0742,,1000,1300,0,0,0,0,0,0,-39656,727,0,0,0,0,0,0,0,0,0,0,0,0,0
2020/4/9,45,46.8,45,45.5,0.5,1.1111,45.23,45.265,45.8365,52.8658,,44000,10000,0,0,0,0,0,0,-39521,135,0,0,0,0,0,0,0,0,0,0,0,0,0
2020/4/10,45,46.3,45,46.3,0.8,1.7582,45.36,45.365,45.7685,52.671,,6000,10600,0,0,0,0,0,0,-39097,424,0,0,0,0,0,0,0,0,0,0,0,0,0
2020/4/13,45,45,45,45,-1.3,-2.8078,45.36,45.345,45.6355,52.4948,,3000,11000,0,0,0,0,0,0,-39302,-205,0,0,0,0,0,0,0,0,0,0,0,0,0
2020/4/14,45.5,45.5,45,45,0,0,45.36,45.345,45.51,52.2815,,7000,12200,0,0,0,0,0,0,-38467,835,0,0,0,0,0,0,0,0,0,0,0,0,0
2020/4/15,45,45.5,45,45.5,0.5,1.1111,45.46,45.295,45.406,52.0898,,8000,13600,0,0,0,0,0,0,-37852,615,0,0,0,0,0,0,0,0,0,0,0,0,0
2020/4/16,45,46.7,45,46.5,1,2.1978,45.66,45.445,45.417,51.912,,40000,12800,0,0,0,0,0,0,-38051,-199,0,0,0,0,0,0,0,0,0,0,0,0,0
2020/4/17,46.65,46.65,45.2,45.2,-1.3,-2.7957,45.44,45.4,45.3635,51.7148,,24000,16400,0,0,0,0,0,0,-38019,32,0,0,0,0,0,0,0,0,0,0,0,0,0
2020/4/20,45.2,45.65,45.1,45.1,-0.1,-0.2212,45.46,45.41,45.355,51.5173,,7000,17200,0,0,0,0,0,0,-37856,163,0,0,0,0,0,0,0,0,0,0,0,0,0
2020/4/21,46.1,46.1,45,45,-0.1,-0.2217,45.46,45.41,45.355,51.317,,7550,17310,0,0,0,0,0,0,-38661,-805,0,0,0,0,0,0,0,0,0,0,0,0,0
2020/4/23,45.7,45.7,45.7,45.7,0.7,1.5556,45.5,45.48,45.3675,51.1283,,1000,15910,0,0,0,0,0,0,-37893,768,0,0,0,0,0,0,0,0,0,0,0,0,0
2020/4/24,45.5,45.65,45.5,45.65,-0.05,-0.1094,45.33,45.495,45.38,50.9387,,9022,9714,0,0,0,0,0,0,-37899,-6,0,0,0,0,0,0,0,0,0,0,0,0,0
2020/4/27,45.6,46,45.15,45.3,-0.35,-0.7667,45.35,45.395,45.38,50.7353,,8550,6624,0,0,0,0,0,0,-37098,801,0,0,0,0,0,0,0,0,0,0,0,0,0
2020/4/28,45.5,45.5,45.5,45.5,0.2,0.4415,45.43,45.445,45.395,50.5303,,10000,7224,0,0,0,0,0,0,-36734,364,0,0,0,0,0,0,0,0,0,0,0,0,0
2020/4/29,45.4,46,45.4,45.6,0.1,0.2198,45.55,45.505,45.425,50.3362,,5044,6723,0,0,0,0,0,0,-36060,674,0,0,0,0,0,0,0,0,0,0,0,0,0
2020/4/30,45.5,45.5,45.05,45.35,-0.25,-0.5482,45.48,45.49,45.3925,50.142,,24000,11323,0,0,0,0,0,0,-35402,658,0,0,0,0,0,0,0,0,0,0,0,0,0
2020/5/4,46,47.15,45.9,47,1.65,3.6384,45.75,45.54,45.4925,49.9672,,112890,32096,0,0,0,0,0,0,-35926,-524,0,0,0,0,0,0,0,0,0,0,0,0,0
2020/5/5,47.85,57.9,47.85,57.5,10.5,22.3404,48.19,46.77,46.085,49.9672,,275557,85498,0,0,0,0,0,0,-35614,312,0,0,0,0,0,0,0,0,0,0,0,0,0
2020/5/6,58.9,63.2,58.2,62.5,5,8.6957,51.59,48.51,46.96,50.0537,,269049,137308,0,0,0,0,0,0,-35767,-153,0,0,0,0,0,0,0,0,0,0,0,0,0
2020/5/7,63.1,68.7,62.9,68.3,5.8,9.28,56.13,50.84,48.125,50.2368,,294626,195224,0,0,0,0,0,0,-35191,576,0,0,0,0,0,0,0,0,0,0,0,0,0
2020/5/8,69,73,61.7,64.8,-3.5,-5.1245,60.02,52.75,49.115,50.3623,,322587,254941,0,0,0,0,0,0,-35215,-24,0,0,0,0,0,0,0,0,0,0,0,0,0
2020/5/11,63.9,64.8,58.3,59.7,-5.1,-7.8704,62.56,54.155,49.825,50.3908,,102272,252818,0,0,0,0,0,0,-34862,353,0,0,0,0,0,0,0,0,0,0,0,0,0
2020/5/12,60,60,54.5,58,-1.7,-2.8476,62.66,55.425,50.41,50.3993,,109493,219605,0,0,0,0,0,0,-35240,-378,0,0,0,0,0,0,0,0,0,0,0,0,0
2020/5/13,57.3,60.1,57.2,59.9,1.9,3.2759,62.14,56.865,51.155,50.4477,,85643,182924,0,0,0,0,0,0,-35110,130,0,0,0,0,0,0,0,0,0,0,0,0,0
2020/5/14,60,60,57,57,-2.9,-4.8414,59.88,58.005,51.755,50.4412,,41301,132259,0,0,0,0,0,0,-35803,-693,0,0,0,0,0,0,0,0,0,0,0,0,0
2020/5/15,56.7,56.9,54.3,54.8,-2.2,-3.8596,57.88,58.95,52.22,50.3982,,53172,78376,0,0,0,0,0,0,-35971,-168,0,0,0,0,0,0,0,0,0,0,0,0,0
2020/5/18,54.5,54.5,53.3,54.5,-0.3,-0.5474,56.84,59.7,52.62,50.3502,,41201,66162,0,0,0,0,0,0,-35900,71,0,0,0,0,0,0,0,0,0,0,0,0,0
2020/5/19,55,55.2,54.8,55.1,0.6,1.1009,56.26,59.46,53.115,50.3157,,19000,48063,0,0,0,0,0,0,-35416,484,0,0,0,0,0,0,0,0,0,0,0,0,0
2020/5/20,54.8,56.4,54.7,56.4,1.3,2.3593,55.56,58.85,53.68,50.3057,,19400,34814,0,0,0,0,0,0,-35417,-1,0,0,0,0,0,0,0,0,0,0,0,0,0
2020/5/21,56.5,57.2,55.4,57.2,0.8,1.4184,55.6,57.74,54.29,50.3353,,22001,30954,0,0,0,0,0,0,-34886,531,0,0,0,0,0,0,0,0,0,0,0,0,0
2020/5/22,57.2,62.6,57,62.6,5.4,9.4406,57.16,57.52,55.135,50.4453,,135576,47435,0,0,0,0,0,0,-35531,-645,0,0,0,0,0,0,0,0,0,0,0,0,0
2020/5/25,62.7,64.5,59.8,61.8,-0.8,-1.278,58.62,57.73,55.9425,50.5482,,185400,76275,0,0,0,0,0,0,-35183,348,0,0,0,0,0,0,0,0,0,0,0,0,0
2020/5/26,62.4,63.1,59,60.9,-0.9,-1.4563,59.78,58.02,56.7225,50.6298,,112506,94976,0,0,0,0,0,0,-34737,446,0,0,0,0,0,0,0,0,0,0,0,0,0
2020/5/27,59,59.1,58.6,59,-1.9,-3.1199,60.3,57.93,57.3975,50.686,55.0424,32000,97496,0,0,0,0,0,0,-34592,145,0,0,0,0,0,0,0,0,0,0,0,0,0
2020/5/28,59.9,60,58.7,59.8,0.8,1.3559,60.82,58.21,58.1075,50.7543,54.9707,45066,102109,0,0,0,0,0,0,-34917,-325,0,0,0,0,0,0,0,0,0,0,0,0,0
2020/5/29,60.1,60.1,57.9,59.1,-0.7,-1.1706,60.12,58.64,58.795,50.811,54.9591,63050,87604,0,0,0,0,0,0,-34810,107,0,0,0,0,0,0,0,0,0,0,0,0,0
2020/6/1,58.6,60.6,58.6,60.6,1.5,2.5381,59.88,59.25,59.475,50.9043,54.9791,43255,59175,0,0,0,0,0,0,-34203,607,0,0,0,0,0,0,0,0,0,0,0,0,0
2020/6/2,60.6,60.6,59.8,60.6,0,0,59.82,59.8,59.63,51.0088,54.9408,29102,42494,0,0,0,0,0,0,-34115,88,0,0,0,0,0,0,0,0,0,0,0,0,0
2020/6/3,60.7,61.1,60.2,60.9,0.3,0.495,60.2,60.25,59.55,51.1072,54.9131,41173,44329,0,0,0,0,0,0,-33426,689,0,0,0,0,0,0,0,0,0,0,0,0,0
2020/6/4,61.1,61.7,60.6,60.6,-0.3,-0.4926,60.36,60.59,59.165,51.2005,54.9013,74307,50177,0,0,0,0,0,0,-33272,154,0,0,0,0,0,0,0,0,0,0,0,0,0
2020/6/5,60.8,61.1,59.9,60.7,0.1,0.165,60.68,60.4,58.96,51.3788,54.8405,37100,44987,0,0,0,0,0,0,-32814,458,0,0,0,0,0,0,0,0,0,0,0,0,0
2020/6/8,60.5,63.2,60.5,62.5,1.8,2.9654,61.06,60.47,59.1,51.5872,54.7781,131580,62652,0,0,0,0,0,0,-32609,205,0,0,0,0,0,0,0,0,0,0,0,0,0
2020/6/9,62.5,63.2,61.5,61.5,-1,-1.6,61.24,60.53,59.275,51.8178,54.7322,55522,67936,0,0,0,0,0,0,-32603,6,0,0,0,0,0,0,0,0,0,0,0,0,0
2020/6/10,62.5,70.2,62.5,69.5,8,13.0081,62.96,61.58,59.755,52.1818,54.7452,322899,124281,0,0,0,0,0,0,-32582,21,0,0,0,0,0,0,0,0,0,0,0,0,0
2020/6/11,68.5,72.5,68,70.5,1,1.4388,64.94,62.65,60.43,52.565,54.7927,294637,168347,0,0,0,0,0,0,-33278,-696,0,0,0,0,0,0,0,0,0,0,0,0,0
2020/6/12,69.5,70.7,67.7,70.2,-0.3,-0.4255,66.84,63.76,61.2,52.942,54.8212,68300,174587,0,0,0,0,0,0,-33673,-395,0,0,0,0,0,0,0,0,0,0,0,0,0
2020/6/15,70.2,82,69.9,77,6.8,9.6866,69.74,65.4,62.325,53.454,54.9299,307095,209690,0,0,0,0,0,0,-33872,-199,0,0,0,0,0,0,0,0,0,0,0,0,0
2020/6/16,78.5,78.9,72.5,77.9,0.9,1.1688,73.02,67.13,63.465,53.9812,55.0507,135180,225622,0,0,0,0,0,0,-33058,814,0,0,0,0,0,0,0,0,0,0,0,0,0
2020/6/17,75,80.6,75,80,2.1,2.6958,75.12,69.04,64.645,54.56,55.1882,142470,189536,0,0,0,0,0,0,-32806,252,0,0,0,0,0,0,0,0,0,0,0,0,0
2020/6/18,78,82.8,78,82,2,2.5,77.42,71.18,65.885,55.1767,55.3424,240420,178693,0,0,0,0,0,0,-32567,239,0,0,0,0,0,0,0,0,0,0,0,0,0
2020/6/19,81.7,85.9,81.7,85.9,3.9,4.7561,80.56,73.7,67.05,55.8508,55.5531,289176,222868,0,0,0,0,0,0,-32608,-41,0,0,0,0,0,0,0,0,0,0,0,0,0
2020/6/22,85.9,88,83.1,87.9,2,2.3283,82.74,76.24,68.355,56.5592,55.7804,336502,228749,0,0,0,0,0,0,-32450,158,0,0,0,0,0,0,0,0,0,0,0,0,0
2020/6/23,86.7,87.4,84.7,85.5,-2.4,-2.7304,84.26,78.64,69.585,57.2292,56.0096,188710,239455,0,0,0,0,0,0,-32660,-210,0,0,0,0,0,0,0,0,0,0,0,0,0
2020/6/24,83.8,91,83.8,90.3,4.8,5.614,86.32,80.72,71.15,57.9808,56.2772,376482,286258,0,0,0,0,0,0,-32686,-26,0,0,0,0,0,0,0,0,0,0,0,0,0
2020/6/29,91,91.3,88.7,90.9,0.6,0.6645,88.1,82.76,72.705,58.7458,56.5501,121588,262491,0,0,0,0,0,0,-33143,-457,0,0,0,0,0,0,0,0,0,0,0,0,0
2020/6/30,89.9,90.1,86.2,88.4,-2.5,-2.7503,88.6,84.58,74.17,59.4525,56.8042,283194,261295,0,0,0,0,0,0,-32676,467,0,0,0,0,0,0,0,0,0,0,0,0,0
2020/7/1,88.4,88.6,85.1,85.6,-2.8,-3.1674,88.14,85.44,75.42,60.1292,57.0343,180850,230164,0,0,0,0,0,0,-32297,379,0,0,0,0,0,0,0,0,0,0,0,0,0
2020/7/2,86.5,86.5,80.7,81.2,-4.4,-5.1402,87.28,85.77,76.45,60.7217,57.226,258344,244091,0,0,0,0,0,0,-31843,454,0,0,0,0,0,0,0,0,0,0,0,0,0
2020/7/3,82,82,80,80.3,-0.9,-1.1084,85.28,85.8,77.42,61.31,57.4103,97450,188285,0,0,0,0,0,0,-31728,115,0,0,0,0,0,0,0,0,0,0,0,0,0
2020/7/6,81,85.8,80,85,4.7,5.8531,84.1,86.1,78.64,61.9767,57.6368,90560,182079,0,0,0,0,0,0,-31045,683,0,0,0,0,0,0,0,0,0,0,0,0,0
2020/7/7,83.3,85.6,82.8,83.1,-1.9,-2.2353,83.04,85.82,79.76,62.6117,57.8429,77882,141017,0,0,0,0,0,0,-31302,-257,0,0,0,0,0,0,0,0,0,0,0,0,0
2020/7/8,83.3,85.2,83.1,85.2,2.1,2.5271,82.96,85.55,80.895,63.2733,58.0696,20110,108869,0,0,0,0,0,0,-30929,373,0,0,0,0,0,0,0,0,0,0,0,0,0
2020/7/9,85.2,85.2,82.8,82.8,-2.4,-2.8169,83.28,85.28,81.96,63.8817,58.2763,31500,63500,0,0,0,0,0,0,-30935,-6,0,0,0,0,0,0,0,0,0,0,0,0,0
2020/7/10,82.8,82.9,81.2,81.5,-1.3,-1.57,83.52,84.4,82.56,64.49,58.4924,86806,61371,0,0,0,0,0,0,-31522,-587,0,0,0,0,0,0,0,0,0,0,0,0,0
2020/7/13,81.9,82.5,81.2,81.2,-0.3,-0.3681,82.76,83.43,83.095,65.0933,58.6874,25100,48279,0,0,0,0,0,0,-31050,472,0,0,0,0,0,0,0,0,0,0,0,0,0
2020/7/14,82,82,80.5,81,-0.2,-0.2463,82.34,82.69,83.635,65.685,58.8874,31034,38910,0,0,0,0,0,0,-31481,-431,0,0,0,0,0,0,0,0,0,0,0,0,0
2020/7/15,81.1,81.1,79.6,80.2,-0.8,-0.9877,81.34,82.15,83.795,66.2467,59.0793,55950,46078,0,0,0,0,0,0,-31489,-8,0,0,0,0,0,0,0,0,0,0,0,0,0
2020/7/16,79.5,79.8,74.7,78,-2.2,-2.7431,80.38,81.83,83.8,66.7933,59.2541,144350,68648,0,0,0,0,0,0,-31316,173,0,0,0,0,0,0,0,0,0,0,0,0,0
2020/7/17,79.2,79.2,74.8,74.8,-3.2,-4.1026,79.04,81.28,83.54,67.2883,59.4028,27695,56825,0,0,0,0,0,0,-31904,-588,0,0,0,0,0,0,0,0,0,0,0,0,0
2020/7/20,74.8,75.1,72,74,-0.8,-1.0695,77.6,80.18,83.14,67.7717,59.5443,86485,69102,0,0,0,0,0,0,-31949,-45,0,0,0,0,0,0,0,0,0,0,0,0,0
2020/7/21,74,74.8,70.3,71.9,-2.1,-2.8378,75.78,79.06,82.44,68.2083,59.6683,75645,78025,0,0,0,0,0,0,-31489,460,0,0,0,0,0,0,0,0,0,0,0,0,0
2020/7/22,70.7,72.5,70,71.2,-0.7,-0.9736,73.98,77.66,81.605,68.6342,59.7864,72050,81245,0,0,0,0,0,0,-31223,266,0,0,0,0,0,0,0,0,0,0,0,0,0
2020/7/23,72.7,72.7,72.7,72.7,1.5,2.1067,72.92,76.65,80.965,69.0908,59.9131,1300,52635,0,0,0,0,0,0,-31399,-176,0,0,0,0,0,0,0,0,0,0,0,0,0
2020/7/24,72.7,72.9,71.8,71.8,-0.9,-1.238,72.32,75.68,80.04,69.5292,60.0297,47150,56526,0,0,0,0,0,0,-32153,-754,0,0,0,0,0,0,0,0,0,0,0,0,0
2020/7/27,71.8,71.8,71,71,-0.8,-1.1142,71.72,74.66,79.045,69.9525,60.1443,52900,49809,0,0,0,0,0,0,-32761,-608,0,0,0,0,0,0,0,0,0,0,0,0,0
2020/7/28,71.9,74.2,70.7,72.3,1.3,1.831,71.8,73.79,78.24,70.4017,60.2718,116606,58001,0,0,0,0,0,0,-33346,-585,0,0,0,0,0,0,0,0,0,0,0,0,0
2020/7/29,73.8,76.5,73.5,76,3.7,5.1176,72.76,73.37,77.76,70.885,60.4261,63100,56211,0,0,0,0,0,0,-32708,638,0,0,0,0,0,0,0,0,0,0,0,0,0
2020/7/30,76.8,76.8,74.3,75,-1,-1.3158,73.22,73.07,77.45,71.1767,60.5719,66521,69255,0,0,0,0,0,0,-32254,454,0,0,0,0,0,0,0,0,0,0,0,0,0
2020/7/31,74.3,74.9,74.3,74.9,-0.1,-0.1333,73.84,73.08,77.18,71.3833,60.7185,8000,61425,0,0,0,0,0,0,-32082,172,0,0,0,0,0,0,0,0,0,0,0,0,0
2020/8/3,77,79,76.7,78.7,3.8,5.0734,75.38,73.55,76.865,71.5567,60.8967,151810,81207,0,0,0,0,0,0,-32240,-158,0,0,0,0,0,0,0,0,0,0,0,0,0
2020/8/4,80,81.4,78.7,79.2,0.5,0.6353,76.76,74.28,76.67,71.7967,61.0795,141150,86116,0,0,0,0,0,0,-31835,405,0,0,0,0,0,0,0,0,0,0,0,0,0
2020/8/5,79.7,83,78.1,78.1,-1.1,-1.3889,77.18,74.97,76.315,72.1033,61.2471,139720,101440,0,0,0,0,0,0,-31426,409,0,0,0,0,0,0,0,0,0,0,0,0,0
2020/8/6,80,80.2,78.8,79.5,1.4,1.7926,78.08,75.65,76.15,72.4617,61.4305,60765,100289,0,0,0,0,0,0,-31449,-23,0,0,0,0,0,0,0,0,0,0,0,0,0
2020/8/7,78.9,79,76.6,76.6,-2.9,-3.6478,78.42,76.13,75.905,72.74,61.5938,112880,121265,0,0,0,0,0,0,-31609,-160,0,0,0,0,0,0,0,0,0,0,0,0,0
2020/8/10,76.6,76.9,74.5,74.9,-1.7,-2.2193,77.66,76.52,75.59,73.0383,61.7397,124450,115793,0,0,0,0,0,0,-31415,194,0,0,0,0,0,0,0,0,0,0,0,0,0
2020/8/11,72.7,74.2,72,73.5,-1.4,-1.8692,76.52,76.64,75.215,73.35,61.8741,39600,95483,0,0,0,0,0,0,-31661,-246,0,0,0,0,0,0,0,0,0,0,0,0,0
2020/8/12,73.1,73.7,73,73.7,0.2,0.2721,75.64,76.41,74.89,73.67,62.0101,15050,70549,0,0,0,0,0,0,-31771,-110,0,0,0,0,0,0,0,0,0,0,0,0,0
2020/8/13,73,73.3,72.7,73.2,-0.5,-0.6784,74.38,76.23,74.65,73.9717,62.1437,46151,67626,0,0,0,0,0,0,-31741,30,0,0,0,0,0,0,0,0,0,0,0,0,0
2020/8/14,73.3,74.3,72.9,74,0.8,1.0929,73.86,76.14,74.61,74.265,62.2853,22100,49470,0,0,0,0,0,0,-31384,357,0,0,0,0,0,0,0,0,0,0,0,0,0
2020/8/17,75.1,78.1,75.1,77.8,3.8,5.1351,74.44,76.05,74.8,74.6083,62.4718,68030,38186,0,0,0,0,0,0,-30892,492,0,0,0,0,0,0,0,0,0,0,0,0,0
2020/8/18,77.5,78,76.7,77.5,-0.3,-0.3856,75.24,75.88,75.08,74.8567,62.651,30600,36386,0,0,0,0,0,0,-30883,9,0,0,0,0,0,0,0,0,0,0,0,0,0
2020/8/19,77.2,77.5,76.7,77.3,-0.2,-0.2581,75.96,75.8,75.385,75.115,62.8316,8350,35046,0,0,0,0,0,0,-31078,-195,0,0,0,0,0,0,0,0,0,0,0,0,0
2020/8/20,74.8,75,73.1,73.6,-3.7,-4.7865,76.04,75.21,75.43,75.3267,62.9782,24500,30716,0,0,0,0,0,0,-31917,-839,0,0,0,0,0,0,0,0,0,0,0,0,0
2020/8/21,73.7,74,73.7,73.9,0.3,0.4076,76.02,74.94,75.535,75.575,63.1305,6000,27496,0,0,0,0,0,0,-31140,777,0,0,0,0,0,0,0,0,0,0,0,0,0
2020/8/24,73.7,74,73.6,73.9,0,0,75.24,74.84,75.68,75.81,63.2822,14200,16730,0,0,0,0,0,0,-31040,100,0,0,0,0,0,0,0,0,0,0,0,0,0
2020/8/25,73.1,73.6,72.8,72.8,-1.1,-1.4885,74.3,74.77,75.705,76.0383,63.4247,40870,18784,0,0,0,0,0,0,-30598,442,0,0,0,0,0,0,0,0,0,0,0,0,0
2020/8/26,73.4,75.1,73.4,75,2.2,3.022,73.84,74.9,75.655,76.2783,63.5913,44200,25954,0,0,0,0,0,0,-30346,252,0,0,0,0,0,0,0,0,0,0,0,0,0
2020/8/27,75,75,74.5,74.8,-0.2,-0.2667,74.08,75.06,75.645,76.515,63.7619,19700,24994,0,0,0,0,0,0,-30582,-236,0,0,0,0,0,0,0,0,0,0,0,0,0
2020/8/28,75.3,76,75,75.6,0.8,1.0695,74.42,75.22,75.68,76.76,63.9336,27460,29286,0,0,0,0,0,0,-30433,149,0,0,0,0,0,0,0,0,0,0,0,0,0
2020/8/31,75.7,76.3,75.4,75.4,-0.2,-0.2646,74.72,74.98,75.515,77.0067,64.1036,6051,27656,0,0,0,0,0,0,-30328,105,0,0,0,0,0,0,0,0,0,0,0,0,0
2020/9/1,76.2,76.3,75.1,75.5,0.1,0.1326,75.26,74.78,75.33,77.2533,64.3161,21000,23682,0,0,0,0,0,0,-30315,13,0,0,0,0,0,0,0,0,0,0,0,0,0
2020/9/2,75,76.2,74.7,75.2,-0.3,-0.3974,75.3,74.57,75.185,77.465,64.5261,30000,20842,0,0,0,0,0,0,-30280,35,0,0,0,0,0,0,0,0,0,0,0,0,0
2020/9/3,74.2,74.6,73.7,74.6,-0.6,-0.7979,75.26,74.67,74.94,77.6833,64.7506,17050,20312,0,0,0,0,0,0,-30133,147,0,0,0,0,0,0,0,0,0,0,0,0,0
2020/9/4,74,74,73,74,-0.6,-0.8043,74.94,74.68,74.81,77.7583,64.9701,19600,18740,0,0,0,0,0,0,-30408,-275,0,0,0,0,0,0,0,0,0,0,0,0,0
2020/9/7,74,74,72.8,73,-1,-1.3514,74.46,74.59,74.715,77.8,65.1825,27300,22990,0,0,0,0,0,0,-30337,71,0,0,0,0,0,0,0,0,0,0,0,0,0
2020/9/8,73.5,73.5,72.4,73.1,0.1,0.137,73.98,74.62,74.695,77.8483,65.3952,6680,20126,0,0,0,0,0,0,-30372,-35,0,0,0,0,0,0,0,0,0,0,0,0,0
2020/9/9,73,73,71.7,71.7,-1.4,-1.9152,73.28,74.29,74.595,77.76,65.607,23200,18766,0,0,0,0,0,0,-30326,46,0,0,0,0,0,0,0,0,0,0,0,0,0
2020/9/10,72.3,77,72.3,77,5.3,7.3919,73.76,74.51,74.785,77.745,65.8631,34563,22268,0,0,0,0,0,0,-30418,-92,0,0,0,0,0,0,0,0,0,0,0,0,0
2020/9/11,76.7,84.6,76.7,82,5,6.4935,75.36,75.15,75.185,77.7783,66.1692,387805,95909,0,0,0,0,0,0,-30895,-477,0,0,0,0,0,0,0,0,0,0,0,0,0
2020/9/14,82.9,90,82.9,85.3,3.3,4.0244,77.82,76.14,75.56,77.8333,66.505,460151,182479,0,0,0,0,0,0,-30502,393,0,0,0,0,0,0,0,0,0,0,0,0,0
2020/9/15,83.3,87.4,80.7,80.8,-4.5,-5.2755,79.36,76.67,75.725,77.7483,66.7996,151897,211523,0,0,0,0,0,0,-30314,188,0,0,0,0,0,0,0,0,0,0,0,0,0
2020/9/16,82.9,82.9,80.2,82,1.2,1.4851,81.42,77.35,75.96,77.65,67.1046,33820,213647,0,0,0,0,0,0,-30199,115,0,0,0,0,0,0,0,0,0,0,0,0,0
2020/9/17,81.7,81.9,80.1,80.8,-1.2,-1.4634,82.18,77.97,76.32,77.5717,67.4004,59207,218576,0,0,0,0,0,0,-30007,192,0,0,0,0,0,0,0,0,0,0,0,0,0
2020/9/18,80.8,82.9,80.4,81.6,0.8,0.9901,82.1,78.73,76.705,77.4267,67.7037,56709,152356,0,0,0,0,0,0,-29678,329,0,0,0,0,0,0,0,0,0,0,0,0,0
2020/9/21,81.6,81.6,78.7,78.8,-2.8,-3.4314,80.8,79.31,76.95,77.225,67.9854,44260,69178,0,0,0,0,0,0,-29789,-111,0,0,0,0,0,0,0,0,0,0,0,0,0
2020/9/22,78.7,79.8,78,79.1,0.3,0.3807,80.46,79.91,77.265,77.07,68.2613,23007,43400,0,0,0,0,0,0,-30422,-633,0,0,0,0,0,0,0,0,0,0,0,0,0
2020/9/23,77.9,80.3,77.9,79.8,0.7,0.885,80.02,80.72,77.505,76.9733,68.5512,31040,42844,0,0,0,0,0,0,-30819,-397,0,0,0,0,0,0,0,0,0,0,0,0,0
2020/9/24,79.7,80.2,77.7,78.3,-1.5,-1.8797,79.52,80.85,77.68,76.925,68.8233,79569,46917,0,0,0,0,0,0,-31620,-801,0,0,0,0,0,0,0,0,0,0,0,0,0
2020/9/25,78.5,81.3,78.3,80.2,1.9,2.4266,79.24,80.67,77.91,76.9233,69.1167,101212,55817,0,0,0,0,0,0,-32130,-510,0,0,0,0,0,0,0,0,0,0,0,0,0
2020/9/28,81,81,78.5,81,0.8,0.9975,79.68,80.24,78.19,76.8567,69.4167,149702,76906,0,0,0,0,0,0,-31483,647,0,0,0,0,0,0,0,0,0,0,0,0,0
2020/9/29,80.4,82.2,79.4,81.4,0.4,0.4938,80.14,80.3,78.485,76.8283,69.72,146354,101575,0,0,0,0,0,0,-31546,-63,0,0,0,0,0,0,0,0,0,0,0,0,0
2020/9/30,81.5,81.9,80.8,81.4,0,0,80.46,80.24,78.795,76.765,70.0192,57474,106862,0,0,0,0,0,0,-31243,303,0,0,0,0,0,0,0,0,0,0,0,0,0
2020/10/5,81.3,81.6,80.7,81.3,-0.1,-0.1229,81.06,80.29,79.13,76.74,70.3108,49313,100811,0,0,0,0,0,0,-30829,414,0,0,0,0,0,0,0,0,0,0,0,0,0
2020/10/6,81.3,81.3,80.6,81.2,-0.1,-0.123,81.26,80.25,79.49,76.735,70.6125,51035,90775,0,0,0,0,0,0,-30266,563,0,0,0,0,0,0,0,0,0,0,0,0,0
2020/10/7,81,81.7,80.7,81.4,0.2,0.2463,81.34,80.51,79.91,76.7383,70.9158,116340,84103,0,0,0,0,0,0,-30145,121,0,0,0,0,0,0,0,0,0,0,0,0,0
2020/10/8,81.8,83.2,81.1,82.6,1.2,1.4742,81.58,80.86,80.385,76.765,71.225,134685,81769,0,0,0,0,0,0,-30143,2,0,0,0,0,0,0,0,0,0,0,0,0,0
2020/10/12,82.6,82.9,79.5,80.9,-1.7,-2.0581,81.48,80.97,80.845,76.7767,71.5117,145200,99314,0,0,0,0,0,0,-30454,-311,0,0,0,0,0,0,0,0,0,0,0,0,0
2020/10/13,79.1,81,79.1,80.3,-0.6,-0.7417,81.28,81.17,81.01,76.815,71.8042,23100,94072,0,0,0,0,0,0,-30613,-159,0,0,0,0,0,0,0,0,0,0,0,0,0
2020/10/14,81.4,81.6,78.8,80.6,0.3,0.3736,81.16,81.21,80.94,76.9117,72.1,41252,92115,0,0,0,0,0,0,-30316,297,0,0,0,0,0,0,0,0,0,0,0,0,0
2020/10/15,80.6,80.8,80.1,80.7,0.1,0.1241,81.02,81.18,80.71,77.0233,72.3975,25101,73867,0,0,0,0,0,0,-30511,-195,0,0,0,0,0,0,0,0,0,0,0,0,0
2020/10/16,80.8,80.9,78.7,79.7,-1,-1.2392,80.44,81.01,80.655,77.1533,72.6808,154603,77851,0,0,0,0,0,0,-30839,-328,0,0,0,0,0,0,0,0,0,0,0,0,0
2020/10/19,78.8,80.9,78.8,80.7,1,1.2547,80.4,80.94,80.59,77.3117,72.9729,16201,52051,0,0,0,0,0,0,-30353,486,0,0,0,0,0,0,0,0,0,0,0,0,0
2020/10/20,79.6,80.9,79.3,79.6,-1.1,-1.3631,80.26,80.77,80.53,77.4267,73.2587,26423,52716,0,0,0,0,0,0,-30549,-196,0,0,0,0,0,0,0,0,0,0,0,0,0
2020/10/21,80.9,80.9,79.3,80.4,0.8,1.005,80.22,80.69,80.47,77.57,73.5496,44600,53385,0,0,0,0,0,0,-30392,157,0,0,0,0,0,0,0,0,0,0,0,0,0
2020/10/22,79.9,80.9,79.9,80.9,0.5,0.6219,80.26,80.64,80.575,77.735,73.8437,46100,57585,0,0,0,0,0,0,-30619,-227,0,0,0,0,0,0,0,0,0,0,0,0,0
2020/10/23,80.1,81.2,80.1,80.5,-0.4,-0.4944,80.42,80.43,80.645,77.8717,74.1367,6230,27910,0,0,0,0,0,0,-30497,122,0,0,0,0,0,0,0,0,0,0,0,0,0
2020/10/26,80,80.6,79.7,80.6,0.1,0.1242,80.4,80.4,80.685,77.9483,74.4167,26986,30067,0,0,0,0,0,0,-30438,59,0,0,0,0,0,0,0,0,0,0,0,0,0
2020/10/27,81,81.2,80.1,80.8,0.2,0.2481,80.64,80.45,80.81,78.045,74.6108,21510,29085,0,0,0,0,0,0,-30538,-100,0,0,0,0,0,0,0,0,0,0,0,0,0
2020/10/28,80.7,81,80.3,80.3,-0.5,-0.6188,80.62,80.42,80.815,78.135,74.7592,22340,24633,0,0,0,0,0,0,-30981,-443,0,0,0,0,0,0,0,0,0,0,0,0,0
2020/10/29,79.6,81.2,79.6,80.8,0.5,0.6227,80.6,80.43,80.805,78.17,74.8633,29940,21401,0,0,0,0,0,0,-31386,-405,0,0,0,0,0,0,0,0,0,0,0,0,0
2020/10/30,81,81,77.1,78.2,-2.6,-3.2178,80.14,80.28,80.645,78.1533,74.975,153851,50925,0,0,0,0,0,0,-31963,-577,0,0,0,0,0,0,0,0,0,0,0,0,0
2020/11/2,79.3,79.3,77,78,-0.2,-0.2558,79.62,80.01,80.475,78.1517,75.1275,81520,61832,0,0,0,0,0,0,-32097,-134,0,0,0,0,0,0,0,0,0,0,0,0,0
2020/11/3,78,78.4,77.4,78.4,0.4,0.5128,79.14,79.89,80.33,78.1333,75.2975,22601,62050,0,0,0,0,0,0,-31486,611,0,0,0,0,0,0,0,0,0,0,0,0,0
2020/11/4,78.5,78.5,77.3,78.2,-0.2,-0.2551,78.72,79.67,80.18,78.16,75.45,27505,63083,0,0,0,0,0,0,-31225,261,0,0,0,0,0,0,0,0,0,0,0,0,0
2020/11/5,78.5,79,77.8,78.1,-0.1,-0.1279,78.18,79.39,80.015,78.2133,75.6258,30240,63143,0,0,0,0,0,0,-31139,86,0,0,0,0,0,0,0,0,0,0,0,0,0
2020/11/6,77.7,78,75.1,77.2,-0.9,-1.1524,77.98,79.06,79.745,78.275,75.8125,41603,40693,0,0,0,0,0,0,-31095,44,0,0,0,0,0,0,0,0,0,0,0,0,0
2020/11/9,77.2,77.5,73.6,74.3,-2.9,-3.7565,77.24,78.43,79.415,78.285,75.9775,115880,47565,0,0,0,0,0,0,-30537,558,0,0,0,0,0,0,0,0,0,0,0,0,0
2020/11/10,73.5,75.3,71.5,74.9,0.6,0.8075,76.54,77.84,79.145,78.3133,76.1425,75064,58058,0,0,0,0,0,0,-30537,0,0,0,0,0,0,0,0,0,0,0,0,0,0
2020/11/11,74.9,74.9,73.7,74.6,-0.3,-0.4005,75.82,77.27,78.845,78.3233,76.2942,89060,70369,0,0,0,0,0,0,-30133,404,0,0,0,0,0,0,0,0,0,0,0,0,0
2020/11/12,74.6,74.9,74.1,74.9,0.3,0.4021,75.18,76.68,78.555,78.275,76.4417,30201,70361,0,0,0,0,0,0,-30522,-389,0,0,0,0,0,0,0,0,0,0,0,0,0
2020/11/13,74.8,75.3,74.4,75.2,0.3,0.4005,74.78,76.38,78.33,78.2367,76.5467,63300,74701,0,0,0,0,0,0,-30296,226,0,0,0,0,0,0,0,0,0,0,0,0,0
2020/11/16,75.2,75.5,74.7,75,-0.2,-0.266,74.92,76.08,78.045,78.1983,76.6567,84530,68431,0,0,0,0,0,0,-30074,222,0,0,0,0,0,0,0,0,0,0,0,0,0
2020/11/17,75,75.1,73.7,74.1,-0.9,-1.2,74.76,75.65,77.77,78.2067,76.7667,56185,64655,0,0,0,0,0,0,-30004,70,0,0,0,0,0,0,0,0,0,0,0,0,0
2020/11/18,73.8,74,73.1,73.7,-0.4,-0.5398,74.58,75.2,77.435,78.2033,76.8892,52795,57402,0,0,0,0,0,0,-29727,277,0,0,0,0,0,0,0,0,0,0,0,0,0
2020/11/19,73.7,73.8,72.8,73.5,-0.2,-0.2714,74.3,74.74,77.065,78.1967,77.0033,55175,62397,0,0,0,0,0,0,-29666,61,0,0,0,0,0,0,0,0,0,0,0,0,0
2020/11/20,72.7,73,72,72.8,-0.7,-0.9524,73.82,74.3,76.68,78.1967,77.1175,123945,74526,0,0,0,0,0,0,-29625,41,0,0,0,0,0,0,0,0,0,0,0,0,0
2020/11/23,73,73.1,69,70.5,-2.3,-3.1593,72.92,73.92,76.175,78.1217,77.2,235450,104710,0,0,0,0,0,0,-29240,385,0,0,0,0,0,0,0,0,0,0,0,0,0
2020/11/24,63,65.6,61,65.6,-4.9,-6.9504,71.22,72.99,75.415,77.9683,77.2417,1930,93859,0,0,0,0,0,0,-29479,-239,36317,7264,3632,0,0,0,0,0,0,36317,7264,3632,0
2020/11/25,65.6,68.7,65.5,65.8,0.2,0.3049,69.64,72.11,74.69,77.805,77.2825,1178,83535,0,0,0,0,0,0,-29358,121,36317,14527,7264,0,0,0,0,0,0,36317,14527,7264,0
2020/11/26,64,65,62,64,-1.8,-2.7356,67.74,71.02,73.85,77.615,77.3108,556,72611,0,0,0,0,0,0,-28851,507,36317,21791,10895,0,0,0,0,0,0,36317,21791,10895,0
2020/11/27,63.5,63.5,62.5,63,-1,-1.5625,65.78,69.8,73.09,77.4067,77.33,280,47878,0,0,0,0,0,0,-28545,306,36317,29054,14527,0,0,0,0,0,0,36317,29054,14527,0
2020/11/30,63.1,63.7,62,62.1,-0.9,-1.4286,64.1,68.51,72.295,77.1883,77.3267,291,847,0,0,0,0,0,0,-28495,50,36312,36317,18158,0,0,0,0,0,0,36312,36317,18158,0
2020/12/1,62.2,62.8,62,62.2,0.1,0.161,63.42,67.32,71.485,76.9817,77.3325,173,495,0,0,0,0,0,0,-28471,24,36292,36312,21788,0,0,0,0,0,0,36292,36312,21788,0
2020/12/2,62.5,63.5,62.5,62.5,0.3,0.4823,62.76,66.2,70.7,76.79,77.2742,178,295,0,0,0,0,0,0,-28631,-160,36292,36307,25417,0,0,0,0,0,0,36292,36307,25417,0
2020/12/3,62.5,62.5,61.5,61.7,-0.8,-1.28,62.3,65.02,69.88,76.6017,77.2008,188,222,0,0,0,0,0,0,-28842,-211,36267,36297,29044,0,0,0,0,0,0,36267,36297,29044,0
2020/12/4,62,62.1,60.1,60.6,-1.1,-1.7828,61.82,63.8,69.05,76.3933,77.1208,203,206,0,0,0,0,0,0,-28690,152,36254,36284,32669,0,0,0,0,0,0,36254,36284,32669,0
2020/12/7,60.6,61,58,58.3,-2.3,-3.7954,61.06,62.58,68.25,76.17,76.965,483,245,0,0,0,0,0,0,-28863,-173,36217,36265,36291,0,0,0,0,0,0,36217,36265,36291,0
2020/12/8,58.2,59.7,58.2,59.2,0.9,1.5437,60.46,61.94,67.465,75.8733,76.8092,165,243,0,0,0,0,0,0,-28870,-7,36217,36250,36281,0,0,0,0,0,0,36217,36250,36281,0
2020/12/9,59.3,62.5,59.3,62,2.8,4.7297,60.36,61.56,66.835,75.54,76.6592,252,258,0,0,0,0,0,0,-28803,67,36222,36236,36271,0,0,0,0,0,0,36222,36236,36271,0
2020/12/10,61.8,61.8,60.2,60.3,-1.7,-2.7419,60.08,61.19,66.105,75.1233,76.4783,194,259,0,0,0,0,0,0,-29121,-318,36222,36227,36262,0,0,0,0,0,0,36222,36227,36262,0
2020/12/11,60.4,61,59,59.2,-1.1,-1.8242,59.8,60.81,65.305,74.7633,76.2558,240,266,0,0,0,0,0,0,-29540,-419,36217,36220,36252,0,0,0,0,0,0,36217,36220,36252,0
2020/12/14,61,61,59.5,59.9,0.7,1.1824,60.12,60.59,64.55,74.395,76.0225,87,187,0,0,0,0,0,0,-29237,303,36217,36220,36242,0,0,0,0,0,0,36217,36220,36242,0
2020/12/15,60.5,60.5,59.7,59.7,-0.2,-0.3339,60.22,60.34,63.83,74.0433,75.8075,71,168,0,0,0,0,0,0,-29858,-621,36217,36220,36235,0,0,0,0,0,0,36217,36220,36235,0
2020/12/16,59.8,60,59,59.5,-0.2,-0.335,59.72,60.04,63.12,73.675,75.5508,116,141,0,0,0,0,0,0,-29052,806,36217,36219,36227,0,0,0,0,0,0,36217,36219,36227,0
2020/12/17,60.3,60.3,58.6,59,-0.5,-0.8403,59.46,59.77,62.395,73.345,75.285,87,120,0,0,0,0,0,0,-29162,-110,36217,36218,36222,0,0,0,0,0,0,36217,36218,36222,0
2020/12/18,60.2,60.2,59,59.7,0.7,1.1864,59.56,59.68,61.74,73.0217,75.0458,130,98,0,0,0,0,0,0,-29350,-188,36231,36221,36220,0,0,0,0,0,0,36231,36221,36220,0
2020/12/21,60.5,60.5,59.5,59.5,-0.2,-0.335,59.48,59.8,61.19,72.6833,74.8283,79,96,0,0,0,0,0,0,-29255,95,36237,36225,36222,0,0,0,0,0,0,36237,36225,36222,0
2020/12/22,59.7,59.7,58.5,58.5,-1,-1.6807,59.24,59.73,60.835,72.3533,74.6392,105,103,0,0,0,0,0,0,-29860,-605,36241,36229,36225,0,0,0,0,0,0,36241,36229,36225,0
2020/12/23,58.5,58.5,58,58.3,-0.2,-0.3419,59,59.36,60.46,71.9883,74.4558,119,104,0,0,0,0,0,0,-29492,368,36253,36237,36228,0,0,0,0,0,0,36253,36237,36228,0
2020/12/24,58.5,58.8,58.5,58.5,0.2,0.3431,58.9,59.18,60.185,71.6133,74.235,60,98,0,0,0,0,0,0,-29128,364,36254,36244,36231,0,0,0,0,0,0,36254,36244,36231,0
2020/12/25,60,61.9,59.9,60.2,1.7,2.906,59,59.28,60.045,71.26,74.0442,320,136,0,0,0,0,0,0,-29059,69,36255,36249,36235,0,0,0,0,0,0,36255,36249,36235,0
2020/12/28,60.1,61.7,60.1,60.7,0.5,0.8306,59.24,59.36,59.975,70.915,73.84,172,155,0,0,0,0,0,0,-28666,393,36256,36253,36239,0,0,0,0,0,0,36256,36253,36239,0
2020/12/29,61,61,59.5,59.9,-0.8,-1.318,59.52,59.38,59.86,70.5583,73.6492,127,159,0,0,0,0,0,0,-28694,-28,36247,36254,36242,0,0,0,0,0,0,36247,36254,36242,0
2020/12/30,60.3,60.3,59,59.7,-0.2,-0.3339,59.8,59.4,59.72,70.2,73.4675,125,160,0,0,0,0,0,0,-28401,293,36248,36253,36245,0,0,0,0,0,0,36248,36253,36245,0
2020/12/31,59.5,60.4,59.5,60,0.3,0.5025,60.1,59.5,59.635,69.8433,73.2908,75,163,0,0,0,0,0,0,-28374,27,36271,36256,36250,0,0,0,0,0,0,36271,36256,36250,0
2021/1/4,60.2,60.2,59,59.2,-0.8,-1.3333,59.9,59.45,59.565,69.4533,73.1092,128,125,0,0,0,0,0,0,-28135,239,36269,36259,36254,0,0,0,0,0,0,36269,36259,36254,0
2021/1/5,59.4,59.6,59.1,59.3,0.1,0.1689,59.62,59.43,59.615,69.0933,72.935,78,106,0,0,0,0,0,0,-28277,-142,36269,36262,36257,0,0,0,0,0,0,36269,36262,36257,0
2021/1/6,59.2,59.6,58.3,58.9,-0.4,-0.6745,59.42,59.47,59.6,68.7367,72.7758,155,112,0,0,0,0,0,0,-28948,-671,36258,36264,36259,0,0,0,0,0,0,36258,36264,36259,0
2021/1/7,58.6,59.1,58.6,58.7,-0.2,-0.3396,59.22,59.51,59.435,68.3717,72.6417,67,100,0,0,0,0,0,0,-28637,311,36258,36266,36259,0,0,0,0,0,0,36258,36266,36259,0
2021/1/8,58.8,59,58.5,59,0.3,0.5111,59.02,59.56,59.37,68.01,72.5167,143,114,0,0,0,0,0,0,-28720,-83,36273,36266,36261,0,0,0,0,0,0,36273,36266,36261,0
2021/1/11,59,59,58.5,58.6,-0.4,-0.678,58.9,59.4,59.34,67.6583,72.4058,77,104,0,0,0,0,0,0,-28599,121,36274,36267,36263,0,0,0,0,0,0,36274,36267,36263,0
2021/1/12,60,61.3,59,60,1.4,2.3891,59.04,59.33,59.345,67.3133,72.3125,306,149,0,0,0,0,0,0,-29190,-591,36348,36283,36272,0,0,0,0,0,0,36348,36283,36272,0
2021/1/13,60.9,60.9,58.9,59.5,-0.5,-0.8333,59.16,59.29,59.335,66.9783,72.2025,134,145,0,0,0,0,0,0,-28672,518,36361,36304,36284,0,0,0,0,0,0,36361,36304,36284,0
2021/1/14,60,60,58.4,59.3,-0.2,-0.3361,59.28,59.25,59.325,66.6267,72.0983,128,157,0,0,0,0,0,0,-28710,-38,36352,36322,36294,0,0,0,0,0,0,36352,36322,36294,0
2021/1/15,60,60,58.3,58.8,-0.5,-0.8432,59.24,59.13,59.315,66.2583,71.9967,67,142,0,0,0,0,0,0,-29428,-718,36353,36338,36302,0,0,0,0,0,0,36353,36338,36302,0
2021/1/18,59,59,57.9,58.1,-0.7,-1.1905,59.14,59.02,59.235,65.885,71.8783,156,158,0,0,0,0,0,0,-29695,-267,36333,36350,36309,0,0,0,0,0,0,36333,36350,36309,0
2021/1/19,58.2,58.2,57.1,57.2,-0.9,-1.5491,58.58,58.81,59.12,65.495,71.7217,141,125,0,0,0,0,0,0,-29621,74,36336,36348,36315,0,0,0,0,0,0,36336,36348,36315,0
2021/1/20,57,57,55.6,55.6,-1.6,-2.7972,57.8,58.48,58.975,65.075,71.56,155,129,0,0,0,0,0,0,-30435,-814,36313,36338,36321,0,0,0,1,0,0,36314,36338,36321,0
2021/1/21,55.6,57,55.6,56.1,0.5,0.8993,57.16,58.22,58.865,64.6717,71.4033,64,116,0,0,0,0,0,0,-30384,51,36318,36331,36327,0,0,0,0,0,0,36318,36332,36327,0
2021/1/22,57.3,57.3,56,56.2,0.1,0.1783,56.64,57.94,58.75,64.2617,71.2158,56,114,0,0,0,0,0,0,-30125,259,36316,36324,36331,0,0,0,0,0,0,36316,36324,36331,0
2021/1/25,56.1,56.4,55.9,56.4,0.2,0.3559,56.3,57.72,58.56,63.8983,71.0258,74,98,0,0,0,0,0,0,-29805,320,36321,36322,36336,0,0,0,0,0,0,36321,36322,36336,0
2021/1/26,55.9,55.9,55.3,55.5,-0.9,-1.5957,55.96,57.27,58.3,63.5233,70.8375,76,85,0,0,0,0,0,0,-30349,-544,36325,36319,36334,0,0,0,0,0,0,36325,36320,36334,0
2021/1/27,55.7,55.7,55.5,55.5,0,0,55.94,56.87,58.08,63.1417,70.6375,35,61,0,0,0,0,0,0,-30092,257,36320,36321,36329,0,0,0,0,0,0,36320,36321,36330,0
2021/1/28,55.1,55.4,55,55.3,-0.2,-0.3604,55.78,56.47,57.86,62.76,70.46,67,61,0,0,0,0,0,0,-30640,-548,36320,36321,36326,0,0,0,0,0,0,36320,36321,36326,0
2021/1/29,55.6,56.2,55.6,55.7,0.4,0.7233,55.68,56.16,57.645,62.3867,70.3,35,57,0,0,0,0,0,0,-31296,-656,36321,36322,36323,0,0,0,0,0,0,36321,36322,36323,0
2021/2/1,55.7,55.7,55.3,55.4,-0.3,-0.5386,55.48,55.89,57.455,62.0233,70.1492,21,46,0,0,0,0,0,0,-31423,-127,36324,36323,36322,0,0,0,0,0,0,36324,36323,36322,0
2021/2/2,55.5,56.5,55.5,56.1,0.7,1.2635,55.6,55.78,57.295,61.72,70.0025,38,39,0,0,0,0,0,0,-30893,530,36322,36322,36321,0,0,0,0,0,0,36322,36322,36321,0
2021/2/3,56.1,56.5,56.1,56.3,0.2,0.3565,55.76,55.85,57.165,61.41,69.8617,14,35,0,0,0,0,0,0,-30814,79,36323,36323,36322,0,0,0,0,0,0,36323,36323,36322,0
2021/2/4,56.8,57.4,56.8,56.8,0.5,0.8881,56.06,55.92,57.07,61.1133,69.7183,71,35,0,0,0,0,0,0,-30992,-178,36316,36322,36322,0,0,0,0,0,0,36316,36322,36322,0
2021/2/5,57,57,56.6,56.8,0,0,56.28,55.98,56.96,60.8117,69.5433,20,32,0,0,0,0,0,0,-30817,175,36317,36321,36322,0,0,0,0,0,0,36317,36321,36322,0
2021/2/17,57.2,58.8,57.2,58.6,1.8,3.169,56.92,56.2,56.96,60.535,69.3858,92,47,0,0,0,0,0,0,-30077,740,36330,36322,36323,0,0,0,0,0,0,36330,36322,36323,0
2021/2/18,60.4,60.4,59,59.5,0.9,1.5358,57.6,56.6,56.935,60.2767,69.2375,131,65,0,0,0,0,0,0,-29415,662,36326,36323,36323,0,0,0,0,0,0,36326,36323,36323,0
2021/2/19,59,59.4,58.5,58.8,-0.7,-1.1765,58.1,56.93,56.9,60.0217,69.1142,51,73,0,0,0,0,0,0,-29122,293,36325,36324,36323,0,0,0,0,0,0,36325,36324,36323,0
2021/2/22,58.9,59.3,58.9,59.1,0.3,0.5102,58.56,57.31,56.89,59.7783,68.9908,68,72,0,0,0,0,0,0,-28511,611,36328,36326,36324,0,0,0,0,0,0,36328,36326,36324,0
2021/2/23,58.6,59,58,58.9,-0.2,-0.3384,58.98,57.63,56.895,59.535,68.8658,61,80,0,0,0,0,0,0,-28166,345,36342,36331,36326,0,0,0,0,0,0,36342,36331,36326,0
2021/2/24,59,59.4,58.5,58.5,-0.4,-0.6791,58.96,57.94,56.915,59.2967,68.7467,112,84,0,0,0,0,0,0,-28536,-370,36346,36334,36328,0,0,0,0,0,0,36346,36334,36328,0
2021/2/25,58.6,60,58.6,58.6,0.1,0.1709,58.78,58.19,56.985,59.0983,68.61,160,90,0,0,0,0,0,0,-28146,390,36347,36338,36331,0,0,0,0,0,0,36347,36338,36331,0
2021/2/26,58.3,58.9,58.1,58.1,-0.5,-0.8532,58.64,58.37,57.11,58.9733,68.4708,79,96,0,0,0,0,0,0,-28573,-427,36328,36339,36331,0,0,0,0,0,0,36328,36339,36331,0
2021/3/2,58.8,59.1,58.1,58.1,0,0,58.44,58.5,57.21,58.845,68.325,100,102,0,0,0,0,0,0,-28972,-399,36329,36339,36333,0,0,0,0,0,0,36329,36339,36333,0
2021/3/3,58.2,59.1,58.1,59,0.9,1.5491,58.46,58.72,57.35,58.7617,68.1883,47,99,0,0,0,0,0,0,-28422,550,36326,36336,36333,0,0,0,0,0,0,36326,36336,36333,0
2021/3/4,59,59,58.2,58.2,-0.8,-1.3559,58.4,58.68,57.44,58.6817,68.0442,52,87,0,0,0,0,0,0,-28656,-234,36323,36331,36333,0,0,0,0,0,0,36323,36331,36333,0
2021/3/5,58.8,59,58.5,58.6,0.4,0.6873,58.4,58.59,57.595,58.6233,67.9058,21,59,0,0,0,0,0,0,-28976,-320,36320,36326,36332,0,0,0,0,0,0,36320,36326,36332,0
2021/3/8,58.8,59.7,58.8,59.5,0.9,1.5358,58.68,58.66,57.795,58.5783,67.78,97,63,0,0,0,0,0,0,-28997,-21,36322,36325,36332,0,0,0,0,0,0,36322,36325,36332,0
2021/3/9,59.8,59.9,58.5,59.5,0,0,58.96,58.7,58.005,58.5283,67.6592,96,62,0,0,0,0,0,0,-28808,189,36320,36323,36331,0,0,0,0,0,0,36320,36323,36331,0
2021/3/10,59.6,59.6,59.1,59.1,-0.4,-0.6723,58.98,58.72,58.175,58.485,67.5433,59,65,0,0,0,0,0,0,-28684,124,36320,36322,36329,0,0,0,0,0,0,36320,36322,36329,0
2021/3/11,59.1,59.2,58,58.5,-0.6,-1.0152,59.04,58.72,58.33,58.45,67.4217,69,68,0,0,0,0,0,0,-28242,442,36326,36322,36327,0,0,0,0,0,0,36326,36322,36327,0
2021/3/12,59.4,59.4,58.3,58.7,0.2,0.3419,59.06,58.73,58.46,58.4567,67.3133,32,70,0,0,0,0,0,0,-28207,35,36315,36321,36324,0,0,0,0,0,0,36315,36321,36324,0
2021/3/15,58.7,58.7,58,58.1,-0.6,-1.0221,58.78,58.73,58.55,58.4383,67.1558,49,61,0,0,0,0,0,0,-27906,301,36309,36319,36322,0,0,0,0,0,0,36309,36319,36322,0
2021/3/16,58.5,58.5,58.1,58.3,0.2,0.3442,58.54,58.75,58.625,58.3767,66.9583,44,50,0,0,0,0,0,0,-27806,100,36309,36317,36320,0,0,0,0,0,0,36309,36317,36320,0
2021/3/17,58.2,58.5,58.2,58.5,0.2,0.3431,58.42,58.7,58.71,58.3467,66.735,52,49,0,0,0,0,0,0,-27887,-81,36308,36314,36318,0,0,0,0,0,0,36308,36314,36318,0
2021/3/18,58.5,58.5,58.2,58.3,-0.2,-0.3419,58.38,58.71,58.695,58.3317,66.5475,44,44,0,0,0,0,0,0,-27538,349,36309,36311,36317,0,0,0,0,0,0,36309,36311,36317,0
2021/3/19,58.3,58.3,57.6,57.7,-0.6,-1.0292,58.18,58.62,58.605,58.295,66.345,76,53,0,0,0,0,0,0,-27778,-240,36297,36307,36314,0,0,0,0,0,0,36297,36307,36314,0
2021/3/22,57.7,58,57.6,57.7,0,0,58.1,58.44,58.55,58.2617,66.1525,65,56,0,0,0,0,0,0,-27522,256,36296,36305,36312,0,0,0,0,0,0,36296,36305,36312,0
2021/3/23,57.7,57.7,57.3,57.4,-0.3,-0.5199,57.92,58.23,58.465,58.2267,65.9508,47,56,0,0,0,0,0,0,-27856,-334,36287,36300,36308,0,0,0,0,0,0,36287,36300,36308,0
2021/3/24,57.4,57.4,57,57.1,-0.3,-0.5226,57.64,58.03,58.375,58.195,65.77,87,63,0,0,0,0,0,0,-27780,76,36287,36296,36305,0,0,0,0,0,0,36287,36296,36305,0
2021/3/25,57.8,57.8,56.6,56.6,-0.5,-0.8757,57.3,57.84,58.28,58.1433,65.5825,80,71,0,0,0,0,0,0,-27873,-93,36286,36291,36301,0,0,0,0,0,0,36286,36291,36301,0
2021/3/26,56.6,56.8,56.5,56.6,0,0,57.08,57.63,58.18,58.095,65.3892,44,64,0,0,0,0,0,0,-27462,411,36287,36289,36298,0,0,0,0,0,0,36287,36289,36298,0
2021/3/29,56.7,57.1,56.6,56.7,0.1,0.1767,56.88,57.49,58.11,58.065,65.2092,68,65,0,0,0,0,0,0,-27196,266,36287,36288,36296,0,0,0,0,0,0,36287,36288,36296,0
2021/3/30,56.7,57.2,56.6,56.6,-0.1,-0.1764,56.72,57.32,58.035,58.0367,65.0125,101,76,0,0,0,0,0,0,-26929,267,36288,36288,36294,0,0,0,0,0,0,36288,36288,36294,0
2021/3/31,56.6,56.9,56.6,56.9,0.3,0.53,56.68,57.16,57.93,58.01,64.8117,82,75,0,0,0,0,0,0,-26934,-5,36287,36288,36292,0,0,0,0,0,0,36287,36288,36292,0
2021/4/1,57,57,56.8,56.8,-0.1,-0.1757,56.72,57.01,57.86,57.9533,64.6067,25,64,0,0,0,0,0,0,-26920,14,36287,36288,36290,0,0,0,0,0,0,36287,36288,36290,0
2021/4/6,57,57,56.4,56.6,-0.2,-0.3521,56.72,56.9,57.76,57.885,64.4,74,70,0,0,0,0,0,0,-26594,326,36288,36288,36289,0,0,0,0,0,0,36288,36288,36289,0
2021/4/7,56.6,56.7,56.5,56.7,0.1,0.1767,56.72,56.8,57.62,57.8317,64.195,58,68,0,0,0,0,0,0,-26288,306,36288,36288,36288,0,0,0,0,0,0,36288,36288,36288,0
2021/4/8,56.7,56.9,56.6,56.7,0,0,56.74,56.73,57.48,57.7817,63.9908,64,60,0,0,0,0,0,0,-25920,368,36287,36288,36288,0,0,0,0,0,0,36287,36288,36288,0
2021/4/9,57,58.8,57,58.5,1.8,3.1746,57.06,56.87,57.45,57.7567,63.8,224,89,0,0,0,0,0,0,-26086,-166,36286,36288,36288,0,0,0,0,0,0,36286,36288,36288,0
2021/4/12,59.7,63.2,59.7,62,3.5,5.9829,58.1,57.41,57.625,57.8033,63.6283,649,213,0,0,0,0,0,0,-25877,209,36284,36287,36288,0,0,0,0,0,0,36284,36287,36288,0
2021/4/13,63,63,60,60,-2,-3.2258,58.78,57.75,57.69,57.815,63.4542,316,262,0,0,0,0,0,0,-26180,-303,36276,36285,36287,0,0,0,0,0,0,36276,36285,36287,0
2021/4/14,60,61,58.3,58.7,-1.3,-2.1667,59.18,57.95,57.72,57.8117,63.2742,165,283,0,0,0,0,0,0,-26563,-383,36274,36282,36285,0,0,0,0,0,0,36274,36282,36285,0
2021/4/15,58.8,59.6,58.5,58.6,-0.1,-0.1704,59.56,58.15,57.735,57.81,63.0908,105,291,0,0,0,0,0,0,-25988,575,36277,36280,36284,0,0,0,0,0,0,36277,36280,36284,0
2021/4/16,59,59,58.6,58.9,0.3,0.5119,59.64,58.35,57.755,57.8083,62.9092,71,261,0,0,0,0,0,0,-25465,523,36277,36278,36283,0,0,0,0,0,0,36277,36278,36283,0
2021/4/19,58.9,61.1,58.9,59.8,0.9,1.528,59.2,58.65,57.83,57.8283,62.7433,137,158,0,0,0,0,0,0,-25019,446,36276,36277,36282,0,0,0,0,0,0,36276,36277,36282,0
2021/4/20,59.3,60.4,59.3,59.6,-0.2,-0.3344,59.12,58.95,57.925,57.8217,62.5675,69,109,0,0,0,0,0,0,-24831,188,36276,36277,36281,0,0,0,0,0,0,36276,36277,36281,0
2021/4/21,59.4,59.4,58.8,58.9,-0.7,-1.1745,59.16,59.17,57.985,57.8117,62.395,77,91,0,0,0,0,0,0,-24840,-9,36275,36277,36280,0,0,0,0,0,0,36275,36277,36280,0
2021/4/22,59.1,59.9,58.5,58.6,-0.3,-0.5093,59.16,59.36,58.045,57.8,62.2133,123,95,0,0,0,0,0,0,-25344,-504,36275,36277,36278,0,0,0,0,0,0,36275,36277,36278,0
2021/4/23,58.5,58.5,58.1,58.4,-0.2,-0.3413,59.06,59.35,58.11,57.7933,62.0258,63,93,0,0,0,0,0,0,-25116,228,36276,36276,36277,0,0,0,0,0,0,36276,36276,36277,0
2021/4/26,59.5,59.5,58.4,58.6,0.2,0.3425,58.82,59.01,58.21,57.8017,61.8433,96,85,0,0,0,0,0,0,-24715,401,36276,36276,36277,0,0,0,0,0,0,36276,36276,36277,0
2021/4/27,58.6,59.4,58.5,59.4,0.8,1.3652,58.78,58.95,58.35,57.8383,61.6667,39,79,0,0,0,0,0,0,-24608,107,36280,36277,36277,0,0,0,0,0,0,36280,36277,36277,0
2021/4/28,59.4,59.4,58.4,58.5,-0.9,-1.5152,58.7,58.93,58.44,57.8867,61.4808,140,92,0,0,0,0,0,0,-24468,140,36283,36279,36278,0,0,0,0,0,0,36283,36279,36278,0
2021/4/29,58.5,58.9,57.9,58.6,0.1,0.1709,58.7,58.93,58.54,57.9283,61.3,115,90,0,0,0,0,0,0,-24715,-247,36283,36280,36278,0,0,0,0,0,0,36283,36280,36278,0
2021/5/3,58.4,58.4,56.8,57.1,-1.5,-2.5597,58.44,58.75,58.55,57.9433,61.1025,115,101,0,0,0,0,0,0,-25381,-666,36283,36282,36279,0,0,0,0,0,0,36283,36282,36279,0
2021/5/4,56.9,57,55.4,56.2,-0.9,-1.5762,57.96,58.39,58.52,57.94,60.9192,133,108,0,0,0,0,0,0,-26205,-824,36305,36288,36282,0,0,0,0,0,0,36305,36288,36282,0
2021/5/5,56,56.6,56,56.4,0.2,0.3559,57.36,58.07,58.51,57.955,60.7392,47,110,0,0,0,0,0,0,-26069,136,36303,36292,36285,0,0,0,0,0,0,36303,36292,36285,0
2021/5/6,57,57,55.3,55.8,-0.6,-1.0638,56.82,57.76,58.465,57.96,60.5508,80,98,0,0,0,0,0,0,-26122,-53,36303,36296,36287,0,0,0,0,0,0,36303,36296,36287,0
2021/5/7,55.8,57,55.6,56.5,0.7,1.2545,56.4,57.55,58.455,57.98,60.37,26,80,0,0,0,0,0,0,-25468,654,36308,36301,36291,0,0,0,0,0,0,36308,36301,36291,0
2021/5/10,56.2,56.9,55.9,56.2,-0.3,-0.531,56.22,57.33,58.34,57.9883,60.1875,52,67,0,0,0,0,0,0,-25339,129,36309,36306,36294,0,0,0,0,0,0,36309,36306,36294,0
2021/5/11,56,56.6,54.5,54.7,-1.5,-2.669,55.92,56.94,57.975,57.9767,60,154,71,0,0,0,0,0,0,-26193,-854,36305,36306,36297,0,0,0,1,0,0,36306,36307,36297,0
2021/5/12,54,54.5,50.2,51.1,-3.6,-6.5814,54.86,56.11,57.53,57.8933,59.8067,199,102,0,0,0,0,0,0,-27172,-979,36330,36312,36302,0,0,0,0,0,0,36330,36312,36302,0
2021/5/13,51.1,51.5,50,51,-0.1,-0.1957,53.9,55.36,57.145,57.805,59.6075,74,101,0,0,0,0,0,0,-27510,-338,36318,36315,36305,0,0,0,0,0,0,36318,36315,36306,0
2021/5/14,52,52,50.2,50.6,-0.4,-0.7843,52.72,54.56,56.745,57.7017,59.4075,72,110,0,0,0,0,0,0,-27519,-9,36303,36314,36307,0,0,0,0,0,0,36303,36314,36308,0
2021/5/17,49.3,50.7,48.7,49,-1.6,-3.1621,51.28,53.75,56.25,57.5717,59.1917,93,118,0,0,0,0,0,0,-28459,-940,36311,36314,36310,0,0,0,0,0,0,36311,36314,36310,0
2021/5/18,49.7,51,49,51,2,4.0816,50.54,53.23,55.81,57.445,58.99,96,106,0,0,0,0,0,0,-27358,1101,36324,36318,36312,0,0,0,0,0,0,36324,36318,36312,0
2021/5/19,50.7,50.8,50,50.3,-0.7,-1.3725,50.38,52.62,55.345,57.2917,58.7842,100,87,0,0,0,0,0,0,-27229,129,36324,36317,36314,0,0,0,0,0,0,36324,36317,36314,0
2021/5/20,51,51.5,50,50.7,0.4,0.7952,50.32,52.11,54.935,57.1567,58.5892,80,88,0,0,0,0,0,0,-27655,-426,36323,36318,36316,0,0,0,0,0,0,36323,36318,36316,0
2021/5/21,51.4,51.4,50.8,51.3,0.6,1.1834,50.46,51.59,54.57,57.0267,58.4025,24,78,0,0,0,0,0,0,-26845,810,36325,36322,36318,0,0,0,0,0,0,36325,36322,36318,0
2021/5/24,50.8,51.9,50.8,51.6,0.3,0.5848,50.98,51.13,54.23,56.905,58.22,23,64,0,0,0,0,0,0,-26431,414,36325,36325,36320,0,0,0,0,0,0,36325,36325,36320,0
2021/5/25,51.9,53,51.7,52.5,0.9,1.7442,51.28,50.91,53.925,56.805,58.0508,65,58,0,0,0,0,0,0,-26045,386,36323,36325,36321,0,0,0,0,0,0,36323,36325,36321,0
2021/5/26,52.5,53,52.5,52.9,0.4,0.7619,51.8,51.09,53.6,56.71,57.9042,25,43,0,0,0,0,0,0,-25766,279,36325,36325,36321,0,0,0,0,0,0,36325,36325,36321,0
2021/5/27,53.5,54.3,52.9,54,1.1,2.0794,52.46,51.39,53.375,56.6417,57.8075,70,41,0,0,0,0,0,0,-25866,-100,36322,36325,36321,0,0,0,0,0,0,36322,36325,36321,0
2021/5/28,54.2,54.9,54,54.8,0.8,1.4815,53.16,51.81,53.185,56.5867,57.7158,78,52,0,0,0,0,0,0,-25195,671,36324,36325,36323,0,0,0,0,0,0,36324,36325,36323,0
2021/5/31,55,55.3,54.2,54.4,-0.4,-0.7299,53.72,52.35,53.05,56.51,57.6358,62,60,0,0,0,0,0,0,-25004,191,36320,36324,36324,0,0,0,0,0,0,36320,36324,36324,0
2021/6/1,55.2,55.2,54.5,54.7,0.3,0.5515,54.16,52.72,52.975,56.4517,57.5667,19,50,0,0,0,0,0,0,-24443,561,36319,36323,36324,0,0,0,0,0,0,36319,36323,36324,0
2021/6/2,54.7,55,54.4,54.6,-0.1,-0.1828,54.5,53.15,52.885,56.385,57.5042,108,67,0,0,0,0,0,0,-24504,-61,36321,36322,36323,0,0,0,0,0,0,36321,36322,36323,0
2021/6/3,52.2,52.3,51.6,52,-2.6,-4.7619,54.1,53.28,52.695,56.26,57.4192,58,65,0,0,0,0,0,0,-24169,335,36321,36322,36323,0,0,0,0,0,0,36321,36322,36323,0
2021/6/4,52,52.2,51.8,51.9,-0.1,-0.1923,53.52,53.34,52.465,56.1333,57.3308,47,58,0,0,0,0,0,0,-24653,-484,36316,36320,36322,0,0,0,0,0,0,36316,36320,36322,0
2021/6/7,53,53.4,52,52.5,0.6,1.1561,53.14,53.43,52.28,56.0233,57.2542,94,65,27,5.4,2.7,0,0,0,-24964,-311,36299,36316,36320,0,0,0,0,0,0,36299,36316,36320,0
2021/6/8,53.3,53.3,52.5,53.1,0.6,1.1429,52.82,53.49,52.2,55.9333,57.1917,24,66,28,11,5.5,0,0,0,-24834,130,36298,36312,36317,0,0,0,0,0,0,36298,36312,36317,0
2021/6/9,53.1,53.1,52.7,52.7,-0.4,-0.7533,52.44,53.47,52.28,55.8333,57.145,55,55,36,18.2,9.1,0,0,0,-25184,-350,36289,36305,36314,0,0,0,0,0,0,36289,36305,36314,0
2021/6/10,52.9,52.9,51.7,52.7,0,0,52.58,53.34,52.365,55.7433,57.0908,151,74,82,34.6,17.3,0,0,0,-24871,313,36289,36299,36310,0,0,0,0,0,0,36289,36299,36310,0
2021/6/11,52.5,52.5,51.9,52.5,-0.2,-0.3795,52.7,53.11,52.46,55.6467,57.0117,42,73,64,47.4,23.7,0,0,0,-24856,15,36290,36294,36307,0,0,0,0,0,0,36290,36294,36307,0
2021/6/15,52.3,52.4,52.1,52.2,-0.3,-0.5714,52.64,52.89,52.62,55.5417,56.9442,22,58,65,55,30.2,0,0,0,-24605,251,36291,36292,36304,0,0,0,0,0,0,36291,36292,36304,0
2021/6/16,52.3,52.3,52,52.1,-0.1,-0.1916,52.44,52.63,52.675,55.4383,56.885,17,57,64,62.2,36.6,0,0,0,-24907,-302,36295,36292,36302,0,0,0,0,0,0,36295,36292,36302,0
2021/6/17,52.1,52.8,52.1,52.8,0.7,1.3436,52.46,52.45,52.8,55.3567,56.8258,20,50,73,69.6,43.9,0,0,0,-24457,450,36298,36293,36299,0,0,0,0,0,0,36298,36293,36299,0
2021/6/18,53,54.7,53,53.7,0.9,1.7045,52.66,52.62,52.95,55.29,56.7758,89,38,74,68,51.3,0,0,0,-24662,-205,36294,36294,36297,0,0,0,0,0,0,36294,36294,36297,0
2021/6/21,53.8,55.2,53,55.2,1.5,2.7933,53.2,52.95,53.145,55.2533,56.74,218,73,82,71.6,59.5,0,0,0,-25183,-521,36305,36297,36296,0,0,0,0,0,0,36305,36297,36296,0
2021/6/22,55.3,56.4,55.2,55.7,0.5,0.9058,53.9,53.27,53.35,55.23,56.7125,204,109,30,64.6,59.8,0,0,0,-25020,163,36299,36299,36296,0,0,0,0,0,0,36299,36299,36296,0
2021/6/23,55.7,55.8,54.2,54.8,-0.9,-1.6158,54.44,53.44,53.465,55.2,56.6717,47,115,20,55.8,59,0,0,0,-24570,450,36298,36300,36296,0,0,0,0,0,0,36298,36300,36296,0
2021/6/24,54.9,56,54.8,55,0.2,0.365,54.88,53.67,53.57,55.1733,56.6342,66,124,21,45.4,57.5,0,0,0,-24094,476,36307,36301,36297,0,0,0,0,0,0,36307,36301,36297,0
2021/6/25,55.9,55.9,55.1,55.1,0.1,0.1818,55.16,53.91,53.625,55.1467,56.6058,49,116,21,34.8,51.4,0,0,0,-24049,45,36302,36303,36299,0,0,0,0,0,0,36302,36303,36299,0
2021/6/28,55.1,55.5,54.6,54.6,-0.5,-0.9074,55.04,54.12,53.615,55.1133,56.575,23,77,21,22.6,47.1,0,0,0,-23848,201,36297,36301,36299,0,0,0,0,0,0,36297,36301,36299,0
2021/6/29,55,55,53.7,53.7,-0.9,-1.6484,54.64,54.27,53.58,55.06,56.535,35,44,21,20.8,42.7,0,0,0,-24289,-441,36296,36301,36300,0,0,0,0,0,0,36296,36301,36300,0
2021/6/30,55.3,55.3,53.7,53.8,0.1,0.1862,54.44,54.44,53.535,55.01,56.4817,40,42,16,20,37.9,0,0,0,-23880,409,36298,36301,36300,0,0,0,0,0,0,36298,36301,36300,0
2021/7/1,54,54.2,53.7,53.9,0.1,0.1859,54.22,54.55,53.5,54.965,56.425,35,36,11,18,31.7,0,0,0,-24203,-323,36296,36299,36300,0,0,0,0,0,0,36296,36299,36300,0
2021/7/2,53.5,54.3,53.5,54.3,0.4,0.7421,54.06,54.61,53.615,54.925,56.3783,24,31,11,16,25.4,0,0,0,-24030,173,36299,36298,36300,0,0,0,0,0,0,36299,36298,36300,0
2021/7/5,54.9,54.9,54.5,54.8,0.5,0.9208,54.1,54.57,53.76,54.8933,56.3375,20,30,18,15.4,19,0,0,0,-23451,579,36303,36299,36300,0,0,0,0,0,0,36303,36299,36300,0
2021/7/6,54.9,55,54.3,54.6,-0.2,-0.365,54.28,54.46,53.865,54.8283,56.2925,42,32,19,15,17.9,0,0,0,-23609,-158,36305,36301,36301,0,0,0,0,0,0,36305,36301,36301,0
2021/7/7,54.5,55.9,54.2,54.8,0.2,0.3663,54.48,54.46,53.95,54.7083,56.2558,84,41,26,17,18.5,0,0,0,-23745,-136,36305,36302,36302,0,0,0,0,0,0,36305,36302,36302,0
2021/7/8,55,55.8,55,55,0.2,0.365,54.7,54.46,54.065,54.625,56.22,167,67,31,21,19.5,0,0,0,-23467,278,36304,36304,36301,0,0,0,0,0,0,36304,36304,36301,0
2021/7/9,55.5,55.8,55,55.2,0.2,0.3636,54.88,54.47,54.19,54.5667,56.1892,93,81,42,27.2,21.6,0,0,0,-23797,-330,36297,36304,36301,0,0,0,0,0,0,36297,36304,36301,0
2021/7/12,55.6,55.6,55,55,-0.2,-0.3623,54.92,54.51,54.315,54.5067,56.1583,63,89,42,32,23.7,0,0,0,-23663,134,36292,36301,36300,0,0,0,0,0,0,36292,36301,36300,0
2021/7/13,55.2,55.5,54.8,54.9,-0.1,-0.1818,54.98,54.63,54.45,54.44,56.1242,46,90,35,35.2,25.1,0,0,0,-23994,-331,36291,36299,36300,0,0,0,0,0,0,36291,36299,36300,0
2021/7/14,55.1,55.1,54.2,54.2,-0.7,-1.275,54.86,54.67,54.555,54.3467,56.0875,54,84,41,38.2,27.6,0,0,0,-24185,-191,36288,36295,36299,0,0,0,2,0,0,36290,36296,36299,0
2021/7/15,54.2,54.7,53.8,54.6,0.4,0.738,54.78,54.74,54.645,54.2633,56.0425,61,63,48,41.6,31.3,0,0,0,-23650,535,36292,36293,36298,0,0,0,1,1,0,36293,36293,36299,0
2021/7/16,54.7,54.8,54,54.5,-0.1,-0.1832,54.64,54.76,54.685,54.19,56.0008,37,52,51,43.4,35.3,0,0,0,-23534,116,36292,36292,36298,0,0,0,0,1,0,36292,36292,36298,0
2021/7/19,54.3,54.4,53.1,54.1,-0.4,-0.7339,54.46,54.69,54.63,54.115,55.9575,92,58,62,47.4,39.7,0,0,0,-23457,77,36299,36293,36297,0,0,0,0,1,0,36299,36294,36298,0
2021/7/20,54.9,54.9,53.1,53.4,-0.7,-1.2939,54.16,54.57,54.515,54.0317,55.9125,30,54,65,53.4,44.3,0,0,0,-24131,-674,36299,36295,36297,0,0,0,0,1,0,36299,36295,36297,0
2021/7/21,53.5,53.8,53.1,53.6,0.2,0.3745,54.04,54.45,54.455,53.9483,55.875,45,53,68,58.8,48.5,0,0,0,-24455,-324,36302,36298,36296,0,0,0,0,0,0,36302,36298,36297,0
2021/7/22,54.5,54.5,53.5,53.9,0.3,0.5597,53.9,54.34,54.4,53.8567,55.8475,17,44,68,62.8,52.2,0,0,0,-24108,347,36303,36300,36296,0,0,0,0,0,0,36303,36300,36297,0
2021/7/23,54.7,54.8,53.8,54,0.1,0.1855,53.8,54.22,54.345,53.7817,55.8342,67,50,76,67.8,55.6,0,0,0,-23680,428,36311,36304,36298,0,0,0,0,0,0,36311,36304,36298,0
2021/7/26,54.8,54.8,54,54.5,0.5,0.9259,53.88,54.17,54.34,53.7133,55.8208,22,36,79,71.2,59.3,0,0,0,-23578,102,36314,36307,36300,0,0,0,0,0,0,36314,36307,36300,0
2021/7/27,54.5,54.5,53.5,54.5,0,0,54.1,54.13,54.38,53.67,55.8067,42,38,83,74.8,64.1,0,0,0,-24103,-525,36318,36310,36303,0,0,0,0,0,0,36318,36310,36303,0
2021/7/28,54,54,52.7,53.1,-1.4,-2.5688,54,54.02,54.345,53.6183,55.7792,44,38,89,79,68.9,0,0,0,-24702,-599,36305,36311,36304,0,0,0,0,0,0,36305,36311,36304,0
2021/7/29,54.9,54.9,53,53.2,0.1,0.1883,53.86,53.88,54.31,53.565,55.76,33,41,91,83.6,73.2,0,0,0,-24112,590,36309,36312,36306,0,0,0,0,0,0,36309,36312,36306,0
2021/7/30,54.6,54.6,53.5,54,0.8,1.5038,53.86,53.83,54.295,53.535,55.7475,14,31,92,86.8,77.3,0,0,0,-24470,-358,36309,36312,36308,0,0,0,0,0,0,36309,36312,36308,0
2021/8/2,54,54.4,54,54.4,0.4,0.7407,53.84,53.86,54.275,53.5,55.74,3,27,92,89.4,80.3,0,0,0,-24053,417,36309,36311,36309,0,0,0,0,0,0,36309,36311,36309,0
2021/8/3,53.9,54.2,53.5,54.2,-0.2,-0.3676,53.78,53.94,54.255,53.4667,55.7275,35,25,94,91.6,83.2,0,0,0,-24029,24,36309,36309,36310,0,0,0,0,0,0,36309,36309,36310,0
2021/8/4,54.3,54.3,54.2,54.2,0,0,54,54,54.225,53.4583,55.7175,6,18,97,93.2,86.1,0,0,0,-23979,50,36309,36310,36310,0,0,0,0,0,0,36309,36310,36310,0
2021/8/5,54,54.1,53.8,53.8,-0.4,-0.738,54.12,53.99,54.165,53.5033,55.6983,18,15,102,95.4,89.5,0,0,0,-24217,-238,36309,36310,36311,0,0,0,0,0,0,36309,36310,36311,0
2021/8/6,53.8,54.3,53.7,54.2,0.4,0.7435,54.16,54.01,54.115,53.5567,55.6808,21,16,106,98.2,92.5,0,0,0,-24385,-168,36306,36309,36310,0,0,0,0,0,0,36306,36309,36310,0
2021/8/9,54,54.3,53.4,53.8,-0.4,-0.738,54.04,53.94,54.055,53.61,55.6558,57,27,121,104,96.7,0,0,0,-24830,-445,36305,36308,36310,0,0,0,0,0,0,36305,36308,36310,0
2021/8/10,54.1,54.6,53.8,53.8,0,0,53.96,53.87,54,53.69,55.6308,39,28,122,109.6,100.6,0,0,0,-25350,-520,36304,36307,36308,0,0,0,0,0,0,36304,36307,36308,0
2021/8/11,54.3,54.3,52.9,53,-0.8,-1.487,53.72,53.86,53.94,53.7233,55.5842,93,45,126,115.4,104.3,0,0,0,-25891,-541,36295,36305,36307,0,0,0,0,0,0,36295,36305,36307,0
2021/8/12,53.5,53.8,53.2,53.5,0.5,0.9434,53.66,53.89,53.885,53.7767,55.5342,24,46,133,121.6,108.5,0,0,0,-25562,329,36296,36302,36306,0,0,0,0,0,0,36296,36302,36306,0
2021/8/13,53.5,53.5,52.5,52.6,-0.9,-1.6822,53.34,53.75,53.79,53.8083,55.4825,38,50,138,128,113.1,0,0,0,-26194,-632,36299,36301,36305,0,0,0,0,0,0,36299,36301,36305,0
2021/8/16,52.5,52.5,51.8,52.2,-0.4,-0.7605,53.02,53.53,53.695,53.8233,55.425,23,43,142,132.2,118.1,0,0,0,-26850,-656,36301,36300,36304,0,0,0,0,0,0,36301,36300,36304,0
2021/8/17,52.2,52.5,51.7,51.7,-0.5,-0.9579,52.6,53.28,53.61,53.825,55.365,26,40,142,136.2,122.9,0,0,0,-27375,-525,36302,36299,36303,0,0,0,0,0,0,36302,36299,36303,0
2021/8/18,51.7,52,51.5,52,0.3,0.5803,52.4,53.06,53.53,53.8167,55.3108,20,26,144,139.8,127.6,0,0,0,-26773,602,36297,36300,36302,0,0,0,0,0,0,36297,36300,36302,0
2021/8/19,52,52,51,51,-1,-1.9231,51.9,52.78,53.385,53.785,55.2475,25,26,144,142,131.8,0,0,0,-27568,-795,36294,36299,36301,0,0,0,0,0,0,36294,36299,36301,0
2021/8/20,51,51,50.5,50.9,-0.1,-0.1961,51.56,52.45,53.23,53.7333,55.1875,29,24,144,143.2,135.6,0,0,0,-27603,-35,36293,36298,36299,0,0,0,0,0,0,36293,36298,36299,0
2021/8/23,50.5,51.2,50.5,51,0.1,0.1965,51.32,52.17,53.055,53.67,55.1283,37,27,144,143.6,137.9,0,0,0,-26749,854,36297,36297,36299,0,0,0,0,0,0,36297,36297,36299,0
2021/8/24,51.1,51.1,50.8,50.8,-0.2,-0.3922,51.14,51.87,52.87,53.61,55.06,14,25,145,144.2,140.2,0,0,0,-26761,-12,36296,36296,36298,0,0,0,0,0,0,36296,36296,36298,0
2021/8/25,51.4,51.4,51,51,0.2,0.3937,50.94,51.67,52.765,53.5483,55,37,28,144,144.2,142,0,0,0,-26196,565,36294,36296,36298,0,0,0,0,0,0,36294,36296,36298,0
2021/8/26,51.1,51.6,51,51.5,0.5,0.9804,51.04,51.47,52.68,53.4967,54.9408,49,33,145,144.4,143.2,0,0,0,-26328,-132,36295,36296,36298,0,0,0,0,0,0,36295,36296,36298,0
2021/8/27,51.6,52,51.5,52,0.5,0.9709,51.26,51.41,52.58,53.4967,54.8783,22,31,146,144.8,144,0,0,0,-26031,297,36296,36296,36297,0,0,0,0,0,0,36296,36296,36297,0
2021/8/30,52.4,52.4,52.2,52.3,0.3,0.5769,51.52,51.42,52.475,53.5033,54.8183,10,26,149,145.8,144.7,0,0,0,-25685,346,36296,36296,36297,0,0,0,0,0,0,36296,36296,36297,0
2021/8/31,52.8,52.8,52.3,52.3,0,0,51.82,51.48,52.38,53.5,54.7617,3,24,150,146.8,145.5,0,0,0,-25551,134,36295,36296,36296,0,0,0,0,0,0,36295,36296,36296,0
2021/9/1,52.7,52.7,52.3,52.5,0.2,0.3824,52.12,51.53,52.295,53.49,54.7117,17,20,148,147.6,145.9,0,0,0,-25252,299,36300,36297,36296,0,0,0,0,0,0,36300,36297,36296,0
2021/9/2,52.5,52.8,52,52.5,0,0,52.32,51.68,52.23,53.4867,54.66,26,15,147,148,146.2,0,0,0,-25793,-541,36298,36298,36297,0,0,0,0,0,0,36298,36298,36297,0
2021/9/3,52.5,52.6,52,52.5,0,0,52.42,51.84,52.145,53.4833,54.6133,31,17,148,148.4,146.6,0,0,0,-25400,393,36303,36299,36298,0,0,0,0,0,0,36303,36299,36298,0
2021/9/6,52.9,52.9,52.5,52.5,0,0,52.46,51.99,52.08,53.4833,54.565,20,19,150,148.6,147.2,0,0,0,-25996,-596,36303,36301,36298,0,0,0,0,0,0,36303,36301,36298,0
2021/9/7,52.1,52.6,52,52.1,-0.4,-0.7619,52.42,52.12,51.995,53.4817,54.5117,15,21,152,149,147.9,0,0,0,-26184,-188,36303,36302,36299,0,0,0,0,0,0,36303,36302,36299,0
2021/9/8,51.8,51.8,50.4,51,-1.1,-2.1113,52.12,52.12,51.895,53.4633,54.4508,57,29,154,150.2,148.9,0,0,0,-26845,-661,36303,36303,36300,0,0,0,0,0,0,36303,36303,36300,0
2021/9/9,51.8,51.9,50.8,51.2,0.2,0.3922,51.86,52.09,51.78,53.4367,54.3967,19,28,157,152.2,150.1,0,0,0,-26496,349,36302,36304,36301,0,0,0,0,0,0,36302,36304,36301,0
2021/9/10,51.3,52,51.3,51.5,0.3,0.5859,51.66,52.04,51.725,53.4,54.345,22,26,162,155,151.7,0,0,0,-26029,467,36302,36303,36301,0,0,0,0,0,0,36302,36303,36301,0
2021/9/13,51.6,51.8,51.5,51.6,0.1,0.1942,51.48,51.97,51.695,53.34,54.2967,33,29,167,158.4,153.5,0,0,0,-25865,164,36305,36304,36302,0,0,0,0,0,0,36305,36304,36302,0
2021/9/14,51.6,51.9,51.4,51.5,-0.1,-0.1938,51.36,51.89,51.685,53.27,54.25,20,30,171,162.2,155.6,0,0,0,-25896,-31,36307,36305,36303,0,0,0,0,0,0,36307,36305,36303,0
2021/9/15,51.5,51.6,51.2,51.5,0,0,51.46,51.79,51.66,53.215,54.2075,13,21,173,166,158.1,0,0,0,-26087,-191,36308,36306,36304,0,0,0,0,0,0,36308,36306,36304,0
2021/9/16,52.1,52.1,51.3,51.3,-0.2,-0.3883,51.48,51.67,51.675,53.1533,54.1633,29,23,179,170.4,161.3,0,0,0,-26235,-148,36308,36307,36305,0,0,0,0,0,0,36308,36307,36305,0
2021/9/17,51.5,51.8,51.4,51.7,0.4,0.7797,51.52,51.59,51.715,53.0967,54.1217,33,25,176,173.2,164.1,0,0,0,-26092,143,36308,36308,36306,0,0,0,0,0,0,36308,36308,36306,0
2021/9/22,51.8,55,51.8,53.7,2,3.8685,51.94,51.71,51.85,53.0817,54.0975,298,78,215,182.8,170.6,0,0,0,-26826,-734,36297,36306,36305,0,0,0,0,0,0,36297,36306,36305,0
2021/9/23,54.3,54.9,53.8,54,0.3,0.5587,52.44,51.9,52.01,53.0867,54.0733,91,92,210,190.6,176.4,0,0,0,-26313,513,36296,36304,36304,0,0,0,0,0,0,36296,36304,36304,0
2021/9/24,54,54,53.2,53.2,-0.8,-1.4815,52.78,52.12,52.12,53.0767,54.0433,26,95,210,198,182,0,0,0,-25867,446,36296,36302,36304,0,0,0,1,0,0,36297,36302,36304,0
2021/9/27,52.8,53.2,52.6,52.8,-0.4,-0.7519,53.08,52.28,52.185,53.0583,54.0117,36,96,207,203.6,187,0,0,0,-25618,249,36302,36301,36304,0,0,0,0,0,0,36302,36301,36304,0
2021/9/28,52.7,53.7,52.5,52.8,0,0,53.3,52.41,52.225,53.0333,53.9792,17,93,208,210,191.6,0,0,0,-25807,-189,36303,36300,36304,0,0,0,0,0,0,36303,36300,36304,0
2021/9/29,53.3,53.3,52.3,52.4,-0.4,-0.7576,53.04,52.49,52.23,52.9933,53.9433,31,40,207,208.4,195.6,0,0,0,-26500,-693,36302,36301,36303,0,0,0,0,0,0,36302,36301,36304,0
2021/9/30,52.3,53.2,52.3,52.4,0,0,52.72,52.58,52.235,52.9567,53.8925,7,23,206,207.6,199.1,0,0,0,-25951,549,36302,36302,36303,0,0,0,0,0,0,36302,36302,36303,0
2021/10/1,52.3,52.8,51.5,51.6,-0.8,-1.5267,52.4,52.59,52.19,52.9033,53.8058,54,29,190,203.6,200.8,0,0,0,-26820,-869,36316,36306,36304,0,0,0,0,0,0,36316,36306,36304,0
2021/10/4,51.7,52.4,51.5,51.5,-0.1,-0.1938,52.14,52.61,52.14,52.845,53.735,89,39,186,199.4,201.5,0,0,0,-27360,-540,36288,36303,36302,0,0,0,0,0,0,36288,36303,36302,0
2021/10/5,51.5,52.4,51.3,52.4,0.9,1.7476,52.06,52.68,52.135,52.7983,53.6825,33,42,185,194.8,202.4,0,0,0,-26970,390,36289,36300,36300,0,0,0,0,0,0,36289,36300,36300,0
2021/10/6,53.4,53.4,52,52.3,-0.1,-0.1908,52.04,52.54,52.125,52.7533,53.63,31,42,166,186.6,197.5,0,0,0,-27325,-355,36289,36298,36299,0,0,0,0,0,0,36289,36298,36299,0
2021/10/7,52.4,52.8,52.4,52.8,0.5,0.956,52.12,52.42,52.16,52.7183,53.5792,40,49,153,176,191.8,0,0,0,-26457,868,36291,36295,36299,0,0,0,0,0,0,36291,36295,36299,0
2021/10/8,52.9,53.4,51.5,51.7,-1.1,-2.0833,52.14,52.27,52.195,52.6767,53.5117,86,55,153,168.6,186.1,0,0,0,-26538,-81,36292,36291,36298,0,0,0,0,0,0,36292,36291,36298,0
2021/10/12,50.9,51.3,50.7,51.3,-0.4,-0.7737,52.1,52.12,52.2,52.6217,53.4425,49,47,157,162.8,181.1,0,0,0,-27006,-468,36291,36291,36297,0,0,0,0,0,0,36291,36291,36297,0
2021/10/13,51.3,51.3,50.7,51.3,0,0,51.88,51.97,52.19,52.5683,53.3792,11,43,157,157.2,176,0,0,0,-27424,-418,36290,36291,36296,0,0,0,0,0,0,36290,36291,36296,0
2021/10/14,51.8,51.9,51.8,51.9,0.6,1.1696,51.8,51.92,52.205,52.5317,53.3233,2,37,156,155.2,170.9,0,0,0,-27213,211,36291,36292,36295,0,0,0,0,0,0,36291,36292,36295,0
2021/10/15,51.5,51.9,51.5,51.9,0,0,51.62,51.87,52.225,52.5067,53.2692,15,32,154,155.4,165.7,0,0,0,-26603,610,36294,36292,36294,0,0,0,0,0,0,36294,36292,36294,0
2021/10/18,51.6,51.8,51.5,51.7,-0.2,-0.3854,51.62,51.88,52.235,52.475,53.2117,12,17,154,155.6,162.1,0,0,0,-26443,160,36295,36293,36292,0,0,0,0,0,0,36295,36293,36292,0
2021/10/19,54.8,54.8,51.7,52.5,0.8,1.5474,51.86,51.98,52.295,52.4517,53.1542,43,16,155,155.2,159,0,0,0,-25993,450,36296,36294,36293,0,0,0,0,0,0,36296,36294,36293,0
2021/10/20,51.9,52.4,51.6,52.4,-0.1,-0.1905,52.08,51.98,52.33,52.425,53.1033,12,16,155,154.8,156,0,0,0,-25981,12,36297,36295,36293,0,0,0,0,0,0,36297,36295,36293,0
2021/10/21,51.8,52.5,51.8,51.9,-0.5,-0.9542,52.08,51.94,52.24,52.3817,53.0475,27,21,162,156,155.6,0,0,0,-25896,85,36298,36297,36294,0,0,0,0,0,0,36298,36297,36294,0
2021/10/22,52.8,53.7,52.1,52.5,0.6,1.1561,52.2,51.91,52.165,52.3483,53.0092,59,30,164,158,156.7,0,0,0,-26017,-121,36307,36299,36296,0,0,0,0,0,0,36307,36299,36296,0
2021/10/25,52.2,52.2,51.9,51.9,-0.6,-1.1429,52.24,51.93,52.1,52.3283,52.9733,32,34,166,160.4,158,0,0,0,-25732,285,36308,36302,36297,0,0,0,0,0,0,36308,36302,36297,0
2021/10/26,51.9,51.9,51.5,51.8,-0.1,-0.1927,52.1,51.98,52.05,52.305,52.935,42,34,165,162.4,158.8,0,0,0,-25458,274,36316,36306,36300,0,0,0,0,0,0,36316,36306,36300,0
2021/10/27,52,52.6,52,52,0.2,0.3861,52.02,52.05,52.01,52.2717,52.9033,12,34,165,164.4,159.6,0,0,0,-25336,122,36317,36310,36303,0,0,0,0,0,0,36317,36310,36303,0
2021/10/28,51.5,52,51.5,51.8,-0.2,-0.3846,52,52.04,51.98,52.2283,52.8642,13,31,163,164.6,160.3,0,0,0,-25288,48,36317,36314,36305,0,0,0,0,0,0,36317,36314,36305,0
2021/10/29,51.8,52,51.5,52,0.2,0.3861,51.9,52.05,51.96,52.1917,52.8292,34,26,162,164.2,161.1,0,0,0,-25415,-127,36318,36316,36308,0,0,0,0,0,0,36318,36316,36308,0
2021/11/1,51.8,52.2,51.7,52,0,0,51.92,52.08,51.98,52.155,52.8067,25,25,162,163.4,161.9,0,0,0,-25013,402,36318,36318,36310,0,0,0,0,0,0,36318,36318,36310,0
2021/11/2,52,52.4,51.7,51.7,-0.3,-0.5769,51.9,52,51.99,52.12,52.8117,46,26,157,161.8,162.1,0,0,0,-25392,-379,36318,36318,36312,0,0,0,0,0,0,36318,36318,36312,0
2021/11/3,52,52,51.7,51.7,0,0,51.84,51.93,51.955,52.0783,52.8175,24,28,158,160.4,162.4,0,0,0,-25004,388,36316,36318,36314,0,0,0,0,0,0,36316,36318,36314,0
2021/11/4,51.8,52,51.6,51.6,-0.1,-0.1934,51.8,51.9,51.92,52.0417,52.8258,41,34,161,160,162.3,0,0,0,-24917,87,36316,36318,36316,0,0,0,0,0,0,36316,36318,36316,0
2021/11/5,51.6,51.8,51.6,51.8,0.2,0.3876,51.76,51.83,51.87,52.0083,52.8492,20,31,162,160,162.1,0,0,0,-24905,12,36316,36318,36317,0,0,0,0,0,0,36316,36318,36317,0
2021/11/8,51.8,51.9,51.6,51.9,0.1,0.1931,51.74,51.83,51.88,51.99,52.8567,26,31,164,160.4,161.9,0,0,0,-24806,99,36316,36317,36318,0,0,0,0,0,0,36316,36317,36318,0
2021/11/9,52,53.8,51.9,53.1,1.2,2.3121,52.02,51.96,51.97,51.9833,52.88,153,52,182,165.4,163.6,0,0,0,-24684,122,36328,36319,36319,0,0,0,0,0,0,36328,36319,36319,0
2021/11/10,53.4,53.8,52.4,53.2,0.1,0.1883,52.32,52.08,52.065,51.9933,52.9008,110,70,171,168,164.2,0,0,0,-24615,69,36326,36321,36320,0,0,0,0,0,0,36326,36321,36320,0
2021/11/11,53.2,54,52.8,53.9,0.7,1.3158,52.78,52.29,52.165,52.0217,52.9225,80,77,188,173.4,166.7,0,0,0,-24701,-86,36323,36323,36320,0,0,0,0,0,0,36323,36323,36320,0
2021/11/12,54.2,58.1,53.9,56.6,2.7,5.0093,53.74,52.75,52.4,52.1033,52.9642,356,145,298,200.6,180.3,0,0,0,-24710,-9,36314,36322,36320,0,0,0,1,0,0,36315,36322,36320,0
2021/11/15,57,58.5,56.4,56.8,0.2,0.3534,54.72,53.23,52.655,52.1833,53,210,181,315,230.8,195.6,0,0,0,-24534,176,36316,36322,36320,0,0,0,0,0,0,36316,36322,36320,0
2021/11/16,56.6,56.6,55.3,56.4,-0.4,-0.7042,55.38,53.7,52.85,52.2733,53.0292,124,176,371,268.6,217,0,0,0,-24513,21,36315,36320,36319,0,0,0,2,1,0,36317,36320,36320,0
2021/11/17,56.5,57.6,56,57.6,1.2,2.1277,56.26,54.29,53.11,52.385,53.0592,142,182,400,314.4,241.2,0,0,0,-24395,118,36315,36317,36319,0,0,0,0,1,0,36315,36318,36320,0
2021/11/18,57.6,57.6,56.4,57.2,-0.4,-0.6944,56.92,54.85,53.375,52.4883,53.0792,63,179,409,358.6,266,0,0,0,-24350,45,36318,36316,36319,0,0,0,3,1,1,36321,36318,36320,0
2021/11/19,57.2,57.2,55.4,56.3,-0.9,-1.5734,56.86,55.3,53.565,52.58,53.095,78,123,385,376,288.3,0,0,0,-24613,-263,36321,36318,36320,0,0,0,0,1,1,36321,36319,36321,0
2021/11/22,56,56.8,55.8,56.4,0.1,0.1776,56.78,55.75,53.79,52.67,53.1092,63,94,385,390,310.4,0,0,0,-24400,213,36316,36318,36320,0,0,0,0,1,1,36316,36319,36321,0
2021/11/23,56.5,56.5,55.4,56.3,-0.1,-0.1773,56.76,56.07,54.015,52.75,53.1233,74,84,384,392.6,330.6,0,0,0,-24900,-500,36312,36317,36318,0,0,0,0,1,1,36312,36318,36319,0
2021/11/24,56.7,56.7,56,56.1,-0.2,-0.3552,56.46,56.36,54.22,52.8183,53.1575,36,62,386,389.8,352.1,0,0,0,-24534,366,36313,36317,36317,0,0,0,0,1,1,36313,36317,36318,0
2021/11/25,56,56.6,56,56.3,0.2,0.3565,56.28,56.6,54.445,52.885,53.1942,26,55,388,385.6,372.1,0,0,0,-24667,-133,36313,36316,36316,0,0,0,0,0,1,36313,36316,36317,0
2021/11/26,56.3,56.3,55.1,56,-0.3,-0.5329,56.22,56.54,54.645,52.9467,53.2233,54,50,397,388,382,0,0,0,-25372,-705,36309,36313,36316,0,0,0,0,0,0,36309,36313,36316,0
2021/11/29,55.6,55.6,54.8,55.1,-0.9,-1.6071,55.96,56.37,54.8,52.99,53.24,77,53,404,391.8,390.9,0,0,0,-25740,-368,36319,36314,36316,0,0,0,0,0,0,36319,36314,36316,0
2021/11/30,56,56.1,55.5,55.6,0.5,0.9074,55.82,56.29,54.995,53.0417,53.2642,41,46,405,396,394.3,0,0,0,-25405,335,36318,36315,36316,0,0,0,2,0,0,36320,36316,36317,0
2021/12/1,55.9,55.9,55.2,55.7,0.1,0.1799,55.74,56.1,55.195,53.095,53.2892,24,44,406,400,394.9,0,0,0,-25043,362,36321,36317,36317,0,0,0,0,0,0,36321,36317,36317,0
2021/12/2,56,56.4,55.9,55.9,0.2,0.3591,55.66,55.97,55.41,53.1517,53.3175,32,45,406,403.6,394.6,0,0,0,-25469,-426,36316,36317,36317,0,0,0,0,0,0,36316,36318,36317,0
2021/12/3,56,57.4,56,56.8,0.9,1.61,55.82,56.02,55.66,53.23,53.3558,162,67,431,410.4,399.2,0,0,0,-25037,432,36338,36323,36318,0,0,0,1,1,0,36339,36324,36319,0
2021/12/6,57.5,60.7,57.1,59.4,2.6,4.5775,56.68,56.32,56.035,53.37,53.4167,472,146,512,432,411.9,0,0,0,-25019,18,36330,36325,36320,0,0,0,14,3,2,36344,36329,36321,0
2021/12/7,59.7,60.9,59.3,60.2,0.8,1.3468,57.6,56.71,56.39,53.52,53.4783,388,215,534,457.8,426.9,0,0,0,-24905,114,36317,36325,36320,0,0,0,28,9,4,36345,36334,36325,0
2021/12/8,60.7,61.5,60.5,61.4,1.2,1.9934,58.74,57.24,56.8,53.685,53.5425,405,291,593,495.2,447.6,0,0,0,-24623,282,36332,36327,36322,0,0,0,0,9,4,36332,36336,36327,0
2021/12/9,61.5,62.9,60.3,60.3,-1.1,-1.7915,59.62,57.64,57.12,53.83,53.585,454,376,600,534,468.8,0,0,0,-24579,44,36343,36333,36325,0,0,0,29,14,7,36372,36347,36332,0
2021/12/10,60.5,61.4,60.2,61.3,1,1.6584,60.52,58.17,57.355,53.9933,53.6317,199,383,623,572.4,491.4,0,0,0,-24789,-210,36336,36332,36328,0,0,0,0,14,7,36336,36347,36335,0
2021/12/13,62.2,62.5,60.3,61,-0.3,-0.4894,60.84,58.76,57.565,54.1517,53.6833,194,328,619,593.8,512.9,0,0,0,-24705,84,36327,36332,36329,0,0,0,0,11,7,36327,36343,36336,0
2021/12/14,60.6,60.6,58.2,59.2,-1.8,-2.9508,60.64,59.12,57.705,54.2833,53.7183,244,299,632,613.4,535.6,0,0,0,-25404,-699,36334,36335,36330,0,0,0,27,11,10,36361,36346,36340,0
2021/12/15,59.5,60.1,59,59.3,0.1,0.1689,60.22,59.48,57.79,54.41,53.7533,65,231,619,618.6,556.9,0,0,0,-25172,232,36332,36335,36331,0,0,0,29,17,13,36361,36352,36344,0
2021/12/16,60.4,61,60,60.5,1.2,2.0236,60.26,59.94,57.955,54.5233,53.8025,183,177,626,623.8,578.9,0,0,0,-24881,291,36335,36334,36333,0,0,0,0,11,13,36335,36345,36346,0
2021/12/17,60.5,60.8,59.8,60,-0.5,-0.8264,60,60.26,58.14,54.6233,53.855,160,169,623,623.8,598.1,0,0,0,-25051,-170,36327,36332,36332,0,0,0,0,11,13,36327,36343,36345,0
2021/12/20,60.1,60.8,60,60.1,0.1,0.1667,59.82,60.33,58.325,54.7383,53.9075,109,152,627,625.4,609.6,0,0,0,-25183,-132,36342,36335,36333,0,0,0,28,17,14,36370,36352,36347,0
2021/12/21,60.1,62,60.1,61.6,1.5,2.4958,60.3,60.47,58.59,54.885,53.9717,208,145,665,632,622.7,0,0,0,-24793,390,36383,36345,36340,0,0,0,0,11,11,36383,36356,36351,0
2021/12/22,61.7,62.5,60.7,60.7,-0.9,-1.461,60.58,60.4,58.82,55.0167,54.025,131,158,672,642.6,630.6,0,0,0,-24728,65,36380,36354,36345,0,0,0,0,6,11,36380,36360,36356,0
2021/12/23,61,61.2,60.4,61,0.3,0.4942,60.68,60.47,59.055,55.16,54.0767,93,140,665,650.4,637.1,0,0,0,-24436,292,36391,36365,36349,0,0,0,0,6,8,36391,36371,36358,0
2021/12/24,61,61,60.6,60.7,-0.3,-0.4918,60.82,60.41,59.29,55.2983,54.1275,70,122,667,659.2,641.5,0,0,0,-24489,-53,36408,36382,36357,0,0,0,0,6,8,36408,36387,36365,0
2021/12/27,61,62.8,60.8,61.2,0.5,0.8237,61.04,60.43,59.595,55.4583,54.1808,222,144,698,673.4,649.4,0,0,0,-24129,360,36387,36391,36363,0,0,0,27,5,11,36414,36396,36374,0
2021/12/28,61.3,67.3,61.3,63.8,2.6,4.2484,61.48,60.89,60.005,55.6633,54.2542,641,231,813,703,667.5,0,0,0,-24113,16,36451,36404,36374,0,0,0,18,9,10,36469,36413,36385,0
2021/12/29,64.5,68.5,64.5,68.2,4.4,6.8966,62.98,61.78,60.63,55.9267,54.3625,1000,405,907,750,696.3,0,0,0,-23728,385,36446,36417,36386,0,0,0,10,11,8,36456,36428,36394,0
2021/12/30,68.2,69.9,66.6,68,-0.2,-0.2933,64.38,62.53,61.235,56.1883,54.4708,529,492,949,806.8,728.6,0,0,0,-23804,-76,36473,36434,36400,0,0,0,0,11,8,36473,36445,36408,0
2022/1/3,68.5,69.1,67.1,67.6,-0.4,-0.5882,65.76,63.29,61.775,56.435,54.5767,360,550,943,862,760.6,0,0,0,-24081,-277,36448,36442,36412,0,0,0,0,11,8,36448,36453,36420,0
2022/1/4,67.9,68.3,67.2,67.9,0.3,0.4438,67.1,64.07,62.2,56.705,54.6908,289,563,906,903.6,788.5,0,0,0,-24137,-56,36491,36463,36427,0,0,0,0,6,6,36491,36468,36432,0
2022/1/5,68.3,69,67.1,68.9,1,1.4728,68.12,64.8,62.635,56.9983,54.81,268,489,924,925.8,814.4,0,0,0,-24387,-250,36545,36481,36443,0,0,0,13,5,7,36558,36486,36450,0
2022/1/6,70,74.9,69.3,71.7,2.8,4.0639,68.82,65.9,63.15,57.3383,54.9533,985,486,966,937.6,843.8,0,0,0,-24628,-241,36524,36497,36457,0,0,0,23,7,9,36547,36504,36466,0
2022/1/7,73.3,73.8,67.1,68,-3.7,-5.1604,68.82,66.6,63.535,57.6067,55.0692,969,574,874,922.6,864.7,3,0.6,0.3,-25094,-466,36522,36507,36470,0,0,0,34,14,12,36556,36521,36483,0
2022/1/10,67.6,69.7,66.6,66.7,-1.3,-1.9118,68.64,67.2,63.805,57.8533,55.18,532,608,804,894.8,878.4,0,0.6,0.3,-24952,142,36528,36523,36482,0,0,0,45,23,17,36573,36546,36499,0
2022/1/11,67.8,67.9,63.5,64.4,-2.3,-3.4483,67.94,67.52,63.975,58.065,55.27,725,695,583,830.2,866.9,0,0.6,0.3,-25368,-416,36540,36533,36498,0,0,0,56,34,20,36596,36567,36517,0
2022/1/12,64.8,65.5,64.2,64.9,0.5,0.7764,67.14,67.63,64.26,58.2717,55.3617,170,676,576,760.6,843.2,0,0.6,0.3,-25385,-17,36525,36529,36505,0,0,0,60,44,24,36585,36572,36529,0
2022/1/13,65.8,65.9,65,65.9,1,1.5408,65.98,67.4,64.59,58.4967,55.4608,82,495,570,681.4,809.5,0,0.6,0.3,-25395,-10,36520,36528,36512,0,0,0,56,50,29,36576,36578,36541,0
2022/1/14,65.9,66,63.6,65.1,-0.8,-1.214,65.4,67.11,64.82,58.7167,55.5492,137,329,571,620.8,771.7,0,0,0.3,-26047,-652,36532,36530,36518,0,0,0,55,54,34,36587,36584,36552,0
2022/1/17,64.2,65.9,64,65.3,0.2,0.3072,65.12,66.88,65.085,58.93,55.6392,122,247,550,570,732.4,0,0,0.3,-25771,276,36560,36536,36529,0,0,0,0,45,34,36560,36582,36564,0
2022/1/18,66,66.7,65.3,65.4,0.1,0.1531,65.32,66.63,65.35,59.155,55.7417,126,127,544,562.2,696.2,0,0,0.3,-25752,19,36572,36543,36538,0,0,0,0,34,34,36572,36577,36572,0
2022/1/19,65,65.4,64.6,65.4,0,0,65.42,66.28,65.54,59.3817,55.8433,112,115,544,555.8,658.2,0,0,0.3,-26114,-362,36577,36553,36541,0,0,0,56,33,38,36633,36586,36579,0
2022/1/20,65.5,65.7,65,65.4,0,0,65.32,65.65,65.775,59.605,55.9383,72,113,551,552,616.7,0,0,0.3,-25885,229,36590,36567,36547,0,0,0,0,22,36,36590,36589,36584,0
2022/1/21,65,65.5,64.2,65.1,-0.3,-0.4587,65.32,65.36,65.98,59.8267,56.0275,186,123,521,542,581.4,0,0,0,-26689,-804,36593,36579,36554,0,0,0,50,21,38,36643,36600,36592,0
2022/1/24,64.3,65.1,63.5,64.6,-0.5,-0.768,65.18,65.15,66.175,60.0367,56.1142,148,128,527,537.4,553.7,0,0,0,-27001,-312,36589,36585,36561,0,0,0,54,32,39,36643,36617,36599,0
2022/1/25,64.1,64.5,63.4,64,-0.6,-0.9288,64.9,65.11,66.315,60.2367,56.1958,113,126,531,534.8,548.5,0,0,0,-27743,-742,36573,36585,36564,0,0,0,54,43,38,36627,36628,36602,0
2022/1/26,63.7,64.4,63.4,64.2,0.2,0.3125,64.66,65.04,66.335,60.445,56.2825,59,115,537,533.4,544.6,0,0,0,-27543,200,36578,36585,36569,0,0,0,50,42,38,36628,36627,36607,0
2022/2/7,64.5,66.2,64.5,66.1,1.9,2.9595,64.8,65.06,66.23,60.685,56.3817,100,121,571,537.4,544.7,0,0,0,-26779,764,36601,36588,36577,0,0,0,0,42,32,36601,36629,36609,0
2022/2/8,67.1,67.5,66.2,66.5,0.4,0.6051,65.08,65.2,66.155,60.9333,56.4875,108,105,576,548.4,545.2,0,0,0,-26159,620,36610,36591,36585,0,0,0,0,32,26,36610,36623,36611,0
2022/2/9,67.8,67.8,66.3,66.8,0.3,0.4511,65.52,65.35,66.115,61.1833,56.5958,119,99,562,555.4,546.4,0,0,0,-25575,584,36617,36597,36591,0,0,0,52,31,32,36669,36628,36622,0
2022/2/10,66.8,66.8,66.3,66.6,-0.2,-0.2994,66.04,65.47,66.05,61.4283,56.7092,122,101,578,564.8,549.8,0,0,0,-25637,-62,36626,36607,36596,0,0,0,53,31,37,36679,36638,36633,0
2022/2/11,66.4,66.7,65.8,66.4,-0.2,-0.3003,66.48,65.57,65.925,61.65,56.8167,90,107,567,570.8,552.1,0,0,0,-25885,-248,36637,36619,36602,0,0,0,0,21,31,36637,36640,36633,0
