日期,開盤,最高,最低,收盤,漲跌,漲跌%,均價5,均價10,均價20,均價60,均價120,成交量,均量5,融資張數,均量5,均量10,融券張數,均量5,均量10,騰落指標,漲跌家數,外資庫存,均量5,均量10,投信庫存,均量5,均量10,自營商庫存,均量5,均量10,法人庫存,均量5,均量10,未平倉量
2021/11/12,175,188,163,169,0,0,,,,,,234,,0,,,0,,,-33067,-33067,0,,,0,,,0,,,0,,,0
2021/11/15,165,167.5,159,163,-6,-3.5503,,,,,,105,,0,,,0,,,-32855,212,0,,,0,,,0,,,0,,,0
2021/11/16,163,168,159.5,168,5,3.0675,,,,,,78,,0,,,0,,,-32855,0,0,,,0,,,0,,,0,,,0
2021/11/17,163.5,177,163.5,177,9,5.3571,,,,,,96,,0,,,0,,,-32685,170,0,,,0,,,0,,,0,,,0
2021/11/18,178,185,174,185,8,4.5198,172.4,,,,,176,137,0,0,,0,0,,-32740,-55,0,0,,0,0,,0,0,,0,0,,0
2021/11/19,185,192,182,192,7,3.7838,177,,,,,165,124,0,0,,0,0,,-32877,-137,0,0,,0,0,,0,0,,0,0,,0
2021/11/22,192,201,189,196,4,2.0833,183.6,,,,,105,124,0,0,,0,0,,-32668,209,0,0,,0,0,,0,0,,0,0,,0
2021/11/23,192.5,200.5,190,200,4,2.0408,190,,,,,67,121,0,0,,0,0,,-33025,-357,0,0,,0,0,,0,0,,0,0,,0
2021/11/24,200,212,200,211,11,5.5,196.8,,,,,121,126,0,0,,0,0,,-32799,226,0,0,,0,0,,0,0,,0,0,,0
2021/11/25,211,211,196,201,-10,-4.7393,200,186.2,,,,58,103,0,0,0,0,0,0,-32845,-46,0,0,0,0,0,0,0,0,0,0,0,0,0
2021/11/26,200,201,188,192,-9,-4.4776,200,188.5,,,,102,90,0,0,0,0,0,0,-33265,-420,0,0,0,0,0,0,0,0,0,0,0,0,0
2021/11/29,187,192,184,186,-6,-3.125,198,190.8,,,,47,79,0,0,0,0,0,0,-33482,-217,0,0,0,0,0,0,0,0,0,0,0,0,0
2021/11/30,192,192,184,188,2,1.0753,195.6,192.8,,,,31,71,0,0,0,0,0,0,-33134,348,0,0,0,0,0,0,0,0,0,0,0,0,0
2021/12/1,184,190,184,189,1,0.5319,191.2,194,,,,23,52,0,0,0,0,0,0,-32956,178,0,0,0,0,0,0,0,0,0,0,0,0,0
2021/12/2,188,188,184,184,-5,-2.6455,187.8,193.9,,,,12,43,0,0,0,0,0,0,-33272,-316,0,0,0,0,0,0,0,0,0,0,0,0,0
2021/12/3,184,186,183,183.5,-0.5,-0.2717,186.1,193.05,,,,41,30,0,0,0,0,0,0,-32957,315,0,0,0,0,0,0,0,0,0,0,0,0,0
2021/12/6,182.5,183.5,178,178,-5.5,-2.9973,184.5,191.25,,,,41,29,0,0,0,0,0,0,-32829,128,0,0,0,0,0,0,0,0,0,0,0,0,0
2021/12/7,180,181,177,181,3,1.6854,183.1,189.35,,,,19,27,0,0,0,0,0,0,-32761,68,0,0,0,0,0,0,0,0,0,0,0,0,0
2021/12/8,181,181,178.5,178.5,-2.5,-1.3812,181,186.1,,,,10,24,0,0,0,0,0,0,-32588,173,0,0,0,0,0,0,0,0,0,0,0,0,0
2021/12/9,178,181,178,180,1.5,0.8403,180.2,184,185.1,,,11,24,0,0,0,0,0,0,-32631,-43,0,0,0,0,0,0,0,0,0,0,0,0,0
2021/12/10,180,180.5,177,180,0,0,179.5,182.8,185.65,,,15,19,0,0,0,0,0,0,-32641,-10,0,0,0,0,0,0,0,0,0,0,0,0,0
2021/12/13,180,180.5,177,180.5,0.5,0.2778,180,182.25,186.525,,,17,14,0,0,0,0,0,0,-32573,68,0,0,0,0,0,0,0,0,0,0,0,0,0
2021/12/14,178,182,177.5,180,-0.5,-0.277,179.8,181.45,187.125,,,49,20,0,0,0,0,0,0,-33044,-471,0,0,0,0,0,0,0,0,0,0,0,0,0
2021/12/15,181,190,179,182,2,1.1111,180.5,180.75,187.375,,,86,35,0,0,0,0,0,0,-32723,321,0,0,0,0,0,0,0,0,0,0,0,0,0
2021/12/16,182,182,178,179,-3,-1.6484,180.3,180.25,187.075,,,34,40,0,0,0,0,0,0,-32513,210,0,0,0,0,0,0,0,0,0,0,0,0,0
2021/12/17,177,181,177,181,2,1.1173,180.5,180,186.525,,,7,38,0,0,0,0,0,0,-32777,-264,0,0,0,0,0,0,0,0,0,0,0,0,0
2021/12/20,180,180,177,177,-4,-2.2099,179.8,179.9,185.575,,,2,35,0,0,0,0,0,0,-32803,-26,0,0,0,0,0,0,0,0,0,0,0,0,0
2021/12/21,176,180,176,179,2,1.1299,179.6,179.7,184.525,,,4,26,0,0,0,0,0,0,-32645,158,0,0,0,0,0,0,0,0,0,0,0,0,0
2021/12/22,179,180,174,179,0,0,179,179.75,182.925,,,10,11,0,0,0,0,0,0,-32537,108,0,0,0,0,0,0,0,0,0,0,0,0,0
2021/12/23,179,179,174.5,178,-1,-0.5587,178.8,179.55,181.775,,,2,5,0,0,0,0,0,0,-32445,92,0,0,0,0,0,0,0,0,0,0,0,0,0
2021/12/24,178,178,174,177.5,-0.5,-0.2809,178.1,179.3,181.05,,,16,6,0,0,0,0,0,0,-32513,-68,0,0,0,0,0,0,0,0,0,0,0,0,0
2021/12/27,177.5,178,172,177,-0.5,-0.2817,178.1,178.95,180.6,,,9,8,0,0,0,0,0,0,-32381,132,0,0,0,0,0,0,0,0,0,0,0,0,0
2021/12/28,171.5,177,171,174.5,-2.5,-1.4124,177.2,178.4,179.925,,,31,13,0,0,0,0,0,0,-32386,-5,0,0,0,0,0,0,0,0,0,0,0,0,0
2021/12/29,171,175.5,171,175.5,1,0.5731,176.5,177.75,179.25,,,5,12,0,0,0,0,0,0,-32132,254,0,0,0,0,0,0,0,0,0,0,0,0,0
2021/12/30,175,175,170.5,172,-3.5,-1.9943,175.3,177.05,178.65,,,13,14,0,0,0,0,0,0,-32048,84,0,0,0,0,0,0,0,0,0,0,0,0,0
2022/1/3,170.5,172.5,166.5,169,-3,-1.7442,173.6,175.85,177.925,,,39,19,0,0,0,0,0,0,-32128,-80,0,0,0,0,0,0,0,0,0,0,0,0,0
2022/1/4,170,170,165,166,-3,-1.7751,171.4,174.75,177.325,,,29,23,0,0,0,0,0,0,-32146,-18,0,0,0,0,0,0,0,0,0,0,0,0,0
2022/1/5,167,167,160,162,-4,-2.4096,168.9,173.05,176.375,,,22,21,0,0,0,0,0,0,-32394,-248,0,0,0,0,0,0,0,0,0,0,0,0,0
2022/1/6,162,162.5,159.5,160,-2,-1.2346,165.8,171.15,175.45,,,34,27,0,0,0,0,0,0,-32540,-146,0,0,0,0,0,0,0,0,0,0,0,0,0
2022/1/7,160,165,160,162,2,1.25,163.8,169.55,174.55,,,27,30,0,0,0,0,0,0,-32920,-380,0,0,0,0,0,0,0,0,0,0,0,0,0
2022/1/10,161,164.5,161,164.5,2.5,1.5432,162.9,168.25,173.775,,,10,24,0,0,0,0,0,0,-32790,130,0,0,0,0,0,0,0,0,0,0,0,0,0
2022/1/11,164,165,162,164,-0.5,-0.304,162.5,166.95,172.95,,,5,19,0,0,0,0,0,0,-33174,-384,0,0,0,0,0,0,0,0,0,0,0,0,0
2022/1/12,164,165,160.5,162,-2,-1.2195,162.5,165.7,172.05,,,27,20,0,0,0,0,0,0,-33321,-147,0,0,0,0,0,0,0,0,0,0,0,0,0
2022/1/13,162,168,160.5,168,6,3.7037,164.1,164.95,171.35,,,7,15,0,0,0,0,0,0,-33439,-118,0,0,0,0,0,0,0,0,0,0,0,0,0
2022/1/14,168,168,161.5,167.5,-0.5,-0.2976,165.2,164.5,170.775,,,3,10,0,0,0,0,0,0,-33910,-471,0,0,0,0,0,0,0,0,0,0,0,0,0
2022/1/17,161.5,167.5,160,164.5,-3,-1.791,165.2,164.05,169.95,,,44,17,0,0,0,0,0,0,-33549,361,0,0,0,0,0,0,0,0,0,0,0,0,0
2022/1/18,165.5,165.5,162,164.5,0,0,165.3,163.9,169.325,,,3,16,0,0,0,0,0,0,-33576,-27,0,0,0,0,0,0,0,0,0,0,0,0,0
2022/1/19,164.5,164.5,160,164.5,0,0,165.8,164.15,168.6,,,5,12,0,0,0,0,0,0,-33809,-233,0,0,0,0,0,0,0,0,0,0,0,0,0
2022/1/20,164.5,164.5,160.5,162.5,-2,-1.2158,164.7,164.4,167.775,,,16,14,0,0,0,0,0,0,-33805,4,0,0,0,0,0,0,0,0,0,0,0,0,0
2022/1/21,161,162.5,160.5,162,-0.5,-0.3077,163.6,164.4,166.975,,,10,15,0,0,0,0,0,0,-34391,-586,0,0,0,0,0,0,0,0,0,0,0,0,0
2022/1/24,160,162.5,159,160,-2,-1.2346,162.7,163.95,166.1,,,25,11,0,0,0,0,0,0,-34649,-258,0,0,0,0,0,0,0,0,0,0,0,0,0
2022/1/25,160.5,160.5,157,159.5,-0.5,-0.3125,161.7,163.5,165.225,,,25,16,0,0,0,0,0,0,-35142,-493,0,0,0,0,0,0,0,0,0,0,0,0,0
2022/1/26,160,160.5,160,160,0.5,0.3135,160.8,163.3,164.5,,,2,15,0,0,0,0,0,0,-34996,146,0,0,0,0,0,0,0,0,0,0,0,0,0
2022/2/7,161,161,156,160.5,0.5,0.3125,160.4,162.55,163.75,,,5,13,0,0,0,0,0,0,-34415,581,0,0,0,0,0,0,0,0,0,0,0,0,0
2022/2/8,156.5,161,156.5,157,-3.5,-2.1807,159.4,161.5,163,,,30,17,0,0,0,0,0,0,-33981,434,0,0,0,0,0,0,0,0,0,0,0,0,0
2022/2/9,160.5,160.5,156.5,159,2,1.2739,159.2,160.95,162.5,,,9,14,0,0,0,0,0,0,-33621,360,0,0,0,0,0,0,0,0,0,0,0,0,0
2022/2/10,159.5,160.5,156,159.5,0.5,0.3145,159.2,160.45,162.175,,,25,14,0,0,0,0,0,0,-33708,-87,0,0,0,0,0,0,0,0,0,0,0,0,0
2022/2/11,160,160,155.5,156,-3.5,-2.1944,158.4,159.6,161.875,,,10,15,0,0,0,0,0,0,-33712,-4,0,0,0,0,0,0,0,0,0,0,0,0,0
2022/2/14,158,159.5,158,159.5,3.5,2.2436,158.2,159.3,161.85,,,1,15,0,0,0,0,0,0,-34178,-466,0,0,0,0,0,0,0,0,0,0,0,0,0
2022/2/15,160,160,155,158,-1.5,-0.9404,158.4,158.9,161.65,173.7667,,11,11,0,0,0,0,0,0,-34048,130,0,0,0,0,0,0,0,0,0,0,0,0,0
2022/2/16,157.5,158,155,156.5,-1.5,-0.9494,157.9,158.55,161.25,173.5583,,18,13,0,0,0,0,0,0,-33624,424,0,0,0,0,0,0,0,0,0,0,0,0,0
2022/2/17,157,157.5,155,155.5,-1,-0.639,157.1,158.15,160.825,173.4333,,5,9,0,0,0,0,0,0,-33692,-68,0,0,0,0,0,0,0,0,0,0,0,0,0
2022/2/18,157.5,157.5,152.5,155,-0.5,-0.3215,156.9,157.65,160.475,173.2167,,16,10,0,0,0,0,0,0,-33529,163,0,0,0,0,0,0,0,0,0,0,0,0,0
2022/2/21,154,155.5,152,152,-3,-1.9355,155.4,156.8,159.675,172.8,,40,18,0,0,0,0,0,0,-33521,8,0,0,0,0,0,0,0,0,0,0,0,0,0
2022/2/22,153,153,151,152,0,0,154.2,156.3,158.9,172.25,,40,23,0,0,0,0,0,0,-34068,-547,0,0,0,0,0,0,0,0,0,0,0,0,0
2022/2/23,152.5,155,152,153,1,0.6579,153.5,155.7,158.325,171.6,,32,26,0,0,0,0,0,0,-33716,352,0,0,0,0,0,0,0,0,0,0,0,0,0
2022/2/24,155,155.5,149,153,0,0,153,155.05,157.75,170.8833,,41,33,0,0,0,0,0,0,-34346,-630,0,0,0,0,0,0,0,0,0,0,0,0,0
2022/2/25,153,153.5,149.5,153.5,0.5,0.3268,152.7,154.8,157.2,170.1083,,6,31,0,0,0,0,0,0,-34017,329,0,0,0,0,0,0,0,0,0,0,0,0,0
2022/3/1,153,171,152.5,164.5,11,7.1661,155.2,155.3,157.3,169.3333,,58,35,0,0,0,0,0,0,-33539,478,0,0,0,0,0,0,0,0,0,0,0,0,0
2022/3/2,164,164,150,156.5,-8,-4.8632,156.1,155.15,157.025,168.5917,,50,37,0,0,0,0,0,0,-33533,6,0,0,0,0,0,0,0,0,0,0,0,0,0
2022/3/3,157,157,152.5,152.5,-4,-2.5559,156,154.75,156.65,167.9333,,16,34,0,0,0,0,0,0,-33373,160,0,0,0,0,0,0,0,0,0,0,0,0,0
2022/3/4,155.5,156,153,155.5,3,1.9672,156.5,154.75,156.45,167.425,,2,26,0,0,0,0,0,0,-33661,-288,0,0,0,0,0,0,0,0,0,0,0,0,0
2022/3/7,153,155.5,152,152.5,-3,-1.9293,156.3,154.5,156.075,166.8333,,36,32,0,0,0,0,0,0,-34302,-641,0,0,0,0,0,0,0,0,0,0,0,0,0
2022/3/8,152,152.5,145.5,149,-3.5,-2.2951,153.2,154.2,155.5,166.1667,,30,26,0,0,0,0,0,0,-34901,-599,0,0,0,0,0,0,0,0,0,0,0,0,0
2022/3/9,151,152.5,145.5,152,3,2.0134,152.3,154.2,155.25,165.6333,,22,21,0,0,0,0,0,0,-34370,531,0,0,0,0,0,0,0,0,0,0,0,0,0
2022/3/10,152.5,152.5,146,151.5,-0.5,-0.3289,152.1,154.05,154.875,165.1,,9,19,0,0,0,0,0,0,-33863,507,0,0,0,0,0,0,0,0,0,0,0,0,0
2022/3/11,150.5,152.5,147,149,-2.5,-1.6502,150.8,153.65,154.35,164.6167,,11,21,0,0,0,0,0,0,-34081,-218,0,0,0,0,0,0,0,0,0,0,0,0,0
2022/3/14,150,152,150,150.5,1.5,1.0067,150.4,153.35,154.075,164.1083,,4,15,0,0,0,0,0,0,-34037,44,0,0,0,0,0,0,0,0,0,0,0,0,0
2022/3/15,150,152,145,150.5,0,0,150.7,151.95,153.625,163.6417,,12,11,0,0,0,0,0,0,-34548,-511,0,0,0,0,0,0,0,0,0,0,0,0,0
2022/3/16,151,151,150,150.5,0,0,150.4,151.35,153.25,163.15,,4,8,0,0,0,0,0,0,-34525,23,0,0,0,0,0,0,0,0,0,0,0,0,0
2022/3/17,151,151.5,148.5,151.5,1,0.6645,150.4,151.25,153,162.675,,17,9,0,0,0,0,0,0,-33916,609,0,0,0,0,0,0,0,0,0,0,0,0,0
2022/3/18,151,155,151,155,3.5,2.3102,151.6,151.2,152.975,162.25,,4,8,0,0,0,0,0,0,-33701,215,0,0,0,0,0,0,0,0,0,0,0,0,0
2022/3/21,155,156,150,152.5,-2.5,-1.6129,152,151.2,152.85,161.7917,,14,10,0,0,0,0,0,0,-33514,187,0,0,0,0,0,0,0,0,0,0,0,0,0
2022/3/22,153,155.5,150,154,1.5,0.9836,152.7,151.7,152.95,161.325,,10,9,0,0,0,0,0,0,-33346,168,0,0,0,0,0,0,0,0,0,0,0,0,0
2022/3/23,154,155,152.5,155,1,0.6494,153.6,152,153.1,160.925,,15,12,0,0,0,0,0,0,-33121,225,0,0,0,0,0,0,0,0,0,0,0,0,0
2022/3/24,155,155,151.5,155,0,0,154.3,152.35,153.2,160.4917,,3,9,0,0,0,0,0,0,-33039,82,0,0,0,0,0,0,0,0,0,0,0,0,0
2022/3/25,155,155,152,154.5,-0.5,-0.3226,154.2,152.9,153.275,160.1167,,3,9,0,0,0,0,0,0,-33228,-189,0,0,0,0,0,0,0,0,0,0,0,0,0
2022/3/28,155,155,151,154,-0.5,-0.3236,154.5,153.25,153.3,159.7,,15,9,0,0,0,0,0,0,-33376,-148,0,0,0,0,0,0,0,0,0,0,0,0,0
2022/3/29,154,154,150,152.5,-1.5,-0.974,154.2,153.45,152.7,159.2583,,30,13,0,0,0,0,0,0,-33334,42,0,0,0,0,0,0,0,0,0,0,0,0,0
2022/3/30,152.5,152.5,151,151,-1.5,-0.9836,153.4,153.5,152.425,158.8083,,4,11,0,0,0,0,0,0,-33135,199,0,0,0,0,0,0,0,0,0,0,0,0,0
2022/3/31,152.5,153,147.5,153,2,1.3245,153,153.65,152.45,158.4,,3,11,0,0,0,0,0,0,-33365,-230,0,0,0,0,0,0,0,0,0,0,0,0,0
2022/4/1,153,153,150.5,152,-1,-0.6536,152.5,153.35,152.275,157.9833,,4,11,0,0,0,0,0,0,-33340,25,0,0,0,0,0,0,0,0,0,0,0,0,0
2022/4/6,152,153.5,149,152.5,0.5,0.3289,152.2,153.35,152.275,157.6167,,11,10,0,0,0,0,0,0,-33464,-124,0,0,0,0,0,0,0,0,0,0,0,0,0
2022/4/7,152,152,148,150.5,-2,-1.3115,151.8,153,152.35,157.2,,15,7,0,0,0,0,0,0,-33973,-509,0,0,0,0,0,0,0,0,0,0,0,0,0
2022/4/8,150.5,151.5,150,151.5,1,0.6645,151.9,152.65,152.325,156.8583,,7,8,0,0,0,0,0,0,-33582,391,0,0,0,0,0,0,0,0,0,0,0,0,0
2022/4/11,151.5,152,149.5,151,-0.5,-0.33,151.5,152.25,152.3,156.5583,,16,10,0,0,0,0,0,0,-33969,-387,0,0,0,0,0,0,0,0,0,0,0,0,0
2022/4/12,151,151,150.5,150.5,-0.5,-0.3311,151.2,151.85,152.375,156.3,,2,10,0,0,0,0,0,0,-34136,-167,0,0,0,0,0,0,0,0,0,0,0,0,0
2022/4/13,151,157,151,156,5.5,3.6545,151.9,152.05,152.65,156.2,,26,13,0,0,0,0,0,0,-33693,443,0,0,0,0,0,0,0,0,0,0,0,0,0
2022/4/14,155,155,149.5,150,-6,-3.8462,151.8,151.8,152.625,156.0333,,19,14,0,0,0,0,0,0,-33761,-68,0,0,0,0,0,0,0,0,0,0,0,0,0
2022/4/15,151.5,152,151,152,2,1.3333,151.9,151.9,152.7,155.8667,,12,15,0,0,0,0,0,0,-34050,-289,0,0,0,0,0,0,0,0,0,0,0,0,0
2022/4/18,152,162,152,161.5,9.5,6.25,154,152.75,153.2,155.8167,,63,24,0,0,0,0,0,0,-34153,-103,0,0,0,0,0,0,0,0,0,0,0,0,0
2022/4/19,164,164,152.5,158,-3.5,-2.1672,155.5,153.35,153.35,155.7167,,44,32,0,0,0,0,0,0,-34005,148,0,0,0,0,0,0,0,0,0,0,0,0,0
2022/4/20,158,165.5,157.5,160,2,1.2658,156.3,154.1,153.725,155.6833,,27,33,0,0,0,0,0,0,-33839,166,0,0,0,0,0,0,0,0,0,0,0,0,0
2022/4/21,160.5,164,160,161.5,1.5,0.9375,158.6,155.2,154.1,155.575,,39,37,0,0,0,0,0,0,-33724,115,0,0,0,0,0,0,0,0,0,0,0,0,0
2022/4/22,161.5,181,161.5,181,19.5,12.0743,164.4,158.15,155.4,155.8,,269,88,0,0,0,0,0,0,-33969,-245,0,0,0,0,0,0,0,0,0,0,0,0,0
2022/4/25,181,189.5,162,175,-6,-3.3149,167.1,160.55,156.4,155.975,,312,138,0,0,0,0,0,0,-34619,-650,0,0,0,0,0,0,0,0,0,0,0,0,0
2022/4/26,170,176,160.5,164.5,-10.5,-6,168.4,161.95,156.9,155.975,,119,153,0,0,0,0,0,0,-34762,-143,0,0,0,0,0,0,0,0,0,0,0,0,0
2022/4/27,162.5,165,152,160,-4.5,-2.7356,168.4,162.35,157.2,155.9,,105,168,0,0,0,0,0,0,-35218,-456,0,0,0,0,0,0,0,0,0,0,0,0,0
2022/4/28,162,166,159,160.5,0.5,0.3125,168.2,163.4,157.6,155.8667,,62,173,0,0,0,0,0,0,-35012,206,0,0,0,0,0,0,0,0,0,0,0,0,0
2022/4/29,160.5,163,154.5,156.5,-4,-2.4922,163.3,163.85,157.875,155.775,,55,130,0,0,0,0,0,0,-34717,295,0,0,0,0,0,0,0,0,0,0,0,0,0
2022/5/3,154,155.5,152.5,155.5,-1,-0.639,159.4,163.25,158,155.7,,36,75,0,0,0,0,0,0,-34821,-104,0,0,0,0,0,0,0,0,0,0,0,0,0
2022/5/4,153.5,154.5,150,154.5,-1,-0.6431,157.4,162.9,158.125,155.6167,,42,60,0,0,0,0,0,0,-34703,118,0,0,0,0,0,0,0,0,0,0,0,0,0
2022/5/5,155,155,153,154.5,0,0,156.3,162.35,158.225,155.525,,2,39,0,0,0,0,0,0,-34374,329,0,0,0,0,0,0,0,0,0,0,0,0,0
2022/5/6,154.5,155,151,154.5,0,0,155.1,161.65,158.425,155.425,,17,30,0,0,0,0,0,0,-34706,-332,0,0,0,0,0,0,0,0,0,0,0,0,0
2022/5/9,151,159.5,151,159.5,5,3.2362,155.7,159.5,158.825,155.4667,,37,26,0,0,0,0,0,0,-35202,-496,0,0,0,0,0,0,0,0,0,0,0,0,0
2022/5/10,159.5,159.5,152.5,158.5,-1,-0.627,156.3,157.85,159.2,155.4583,,9,21,0,0,0,0,0,0,-35131,71,0,0,0,0,0,0,0,0,0,0,0,0,0
2022/5/11,158.5,158.5,153,158.5,0,0,157.1,157.25,159.6,155.4417,,4,13,0,0,0,0,0,0,-35318,-187,0,0,0,0,0,0,0,0,0,0,0,0,0
2022/5/12,158.5,158.5,154,157.5,-1,-0.6309,157.7,157,159.675,155.4667,,17,16,0,0,0,0,0,0,-35877,-559,0,0,0,0,0,0,0,0,0,0,0,0,0
2022/5/13,157.5,158.5,153,154,-3.5,-2.2222,157.6,156.35,159.875,155.375,,29,19,0,0,0,0,0,0,-35436,441,0,0,0,0,0,0,0,0,0,0,0,0,0
2022/5/16,150,154.5,148.5,151.5,-2.5,-1.6234,156,155.85,159.85,155.2667,164.5167,11,14,0,0,0,0,0,0,-35370,66,0,0,0,0,0,0,0,0,0,0,0,0,0
2022/5/17,150,153.5,150,151.5,0,0,154.6,155.45,159.35,155.1833,164.3708,25,17,0,0,0,0,0,0,-35006,364,0,0,0,0,0,0,0,0,0,0,0,0,0
2022/5/18,150.5,155,150,155,3.5,2.3102,153.9,155.5,159.2,155.175,164.3042,5,17,0,0,0,0,0,0,-34644,362,0,0,0,0,0,0,0,0,0,0,0,0,0
2022/5/19,155,156,153,154,-1,-0.6452,153.2,155.45,158.9,155.1583,164.1875,4,14,0,0,0,0,0,0,-34879,-235,0,0,0,0,0,0,0,0,0,0,0,0,0
2022/5/20,154.5,154.5,151,154.5,0.5,0.3247,153.3,155.45,158.55,155.2,164,4,9,0,0,0,0,0,0,-34681,198,0,0,0,0,0,0,0,0,0,0,0,0,0
2022/5/23,154.5,154.5,151.5,154,-0.5,-0.3236,153.8,154.9,157.2,155.2333,163.7417,2,8,0,0,0,0,0,0,-34574,107,0,0,0,0,0,0,0,0,0,0,0,0,0
2022/5/24,154.5,154.5,150,154.5,0.5,0.3247,154.4,154.5,156.175,155.2583,163.4292,8,4,0,0,0,0,0,0,-34968,-394,0,0,0,0,0,0,0,0,0,0,0,0,0
2022/5/25,150.5,154.5,150.5,153.5,-1,-0.6472,154.1,154,155.625,155.2667,163.075,8,5,0,0,0,0,0,0,-34603,365,0,0,0,0,0,0,0,0,0,0,0,0,0
2022/5/26,154.5,155,152.5,154,0.5,0.3257,154.1,153.65,155.325,155.275,162.6917,10,6,0,0,0,0,0,0,-34777,-174,0,0,0,0,0,0,0,0,0,0,0,0,0
2022/5/27,155.5,158.5,152,152,-2,-1.2987,153.6,153.45,154.9,155.0667,162.2,21,9,0,0,0,0,0,0,-34427,350,0,0,0,0,0,0,0,0,0,0,0,0,0
2022/5/30,154,157.5,153.5,153.5,1.5,0.9868,153.5,153.65,154.75,155.0167,161.8042,11,11,0,0,0,0,0,0,-33927,500,0,0,0,0,0,0,0,0,0,0,0,0,0
2022/5/31,155,158,155,157.5,4,2.6059,154.1,154.25,154.85,155.1,161.5167,13,12,0,0,0,0,0,0,-33851,76,0,0,0,0,0,0,0,0,0,0,0,0,0
2022/6/1,154,157.5,154,157.5,0,0,154.9,154.5,155,155.1333,161.2792,8,12,0,0,0,0,0,0,-33615,236,0,0,0,0,0,0,0,0,0,0,0,0,0
2022/6/2,154,155,154,155,-2.5,-1.5873,155.1,154.6,155.025,155.175,161.0042,3,11,0,0,0,0,0,0,-33624,-9,0,0,0,0,0,0,0,0,0,0,0,0,0
2022/6/6,157,157,154.5,155,0,0,155.7,154.65,155.05,155.275,160.7208,2,7,0,0,0,0,0,0,-33613,11,0,0,0,0,0,0,0,0,0,0,0,0,0
2022/6/7,157,157.5,153.5,157.5,2.5,1.6129,156.5,155,154.95,155.3667,160.5,6,6,0,0,0,0,0,0,-33535,78,0,0,0,0,0,0,0,0,0,0,0,0,0
2022/6/8,157.5,158,156,158,0.5,0.3175,156.6,155.35,154.925,155.475,160.2875,9,5,0,0,0,0,0,0,-33442,93,0,0,0,0,0,0,0,0,0,0,0,0,0
2022/6/9,158.5,160,155.5,158.5,0.5,0.3165,156.8,155.85,154.925,155.6333,160.125,20,8,0,0,0,0,0,0,-33348,94,0,0,0,0,0,0,0,0,0,0,0,0,0
2022/6/10,160,161,156,157,-1.5,-0.9464,157.2,156.15,154.9,155.7417,159.925,25,12,0,0,0,0,0,0,-33370,-22,0,0,0,0,0,0,0,0,0,0,0,0,0
2022/6/13,160.5,160.5,155,155,-2,-1.2739,157.2,156.45,154.95,155.8167,159.7292,6,13,0,0,0,0,0,0,-33800,-430,0,0,0,0,0,0,0,0,0,0,0,0,0
2022/6/14,155,157.5,155,157.5,2.5,1.6129,157.2,156.85,155.25,155.9333,159.5417,5,13,0,0,0,0,0,0,-34026,-226,0,0,0,0,0,0,0,0,0,0,0,0,0
2022/6/15,156,157.5,151.5,156,-1.5,-0.9524,156.8,156.7,155.475,156.0083,159.3417,5,12,0,0,0,0,0,0,-34028,-2,0,0,0,0,0,0,0,0,0,0,0,0,0
2022/6/16,157.5,158,156,157.5,1.5,0.9615,156.6,156.7,155.6,156.05,159.15,15,11,0,0,0,0,0,0,-34482,-454,0,0,0,0,0,0,0,0,0,0,0,0,0
2022/6/17,158.5,158.5,152,158,0.5,0.3175,156.8,157,155.8,156.1417,158.9667,15,9,0,0,0,0,0,0,-34792,-310,0,0,0,0,0,0,0,0,0,0,0,0,0
2022/6/20,158,158,155,156,-2,-1.2658,157,157.1,155.875,156.175,158.75,17,11,0,0,0,0,0,0,-35420,-628,0,0,0,0,0,0,0,0,0,0,0,0,0
2022/6/21,156,158,156,156,0,0,156.7,156.95,155.975,156.1917,158.5583,6,11,0,0,0,0,0,0,-34818,602,0,0,0,0,0,0,0,0,0,0,0,0,0
2022/6/22,158,158,151,151.5,-4.5,-2.8846,155.8,156.3,155.825,156.1333,158.3125,18,14,0,0,0,0,0,0,-35369,-551,0,0,0,0,0,0,0,0,0,0,0,0,0
2022/6/23,155.5,155.5,155,155,3.5,2.3102,155.3,155.95,155.9,156.1417,158.1292,3,11,0,0,0,0,0,0,-35524,-155,0,0,0,0,0,0,0,0,0,0,0,0,0
2022/6/24,151,156,151,156,1,0.6452,154.9,155.85,156,156.175,157.9375,7,10,0,0,0,0,0,0,-35167,357,0,0,0,0,0,0,0,0,0,0,0,0,0
2022/6/27,156,158,155,157.5,1.5,0.9615,155.2,156.1,156.275,156.2583,157.7583,15,9,0,0,0,0,0,0,-34589,578,0,0,0,0,0,0,0,0,0,0,0,0,0
2022/6/28,156,157,153.5,157,-0.5,-0.3175,155.4,156.05,156.45,156.3583,157.5833,9,10,0,0,0,0,0,0,-34929,-340,0,0,0,0,0,0,0,0,0,0,0,0,0
2022/6/29,152,157.5,152,157,0,0,156.5,156.15,156.425,156.425,157.4125,9,8,0,0,0,0,0,0,-35057,-128,0,0,0,0,0,0,0,0,0,0,0,0,0
2022/6/30,157,157.5,157,157.5,0.5,0.3185,157,156.15,156.425,156.5167,157.25,3,8,0,0,0,0,0,0,-35634,-577,0,0,0,0,0,0,0,0,0,0,0,0,0
2022/7/1,152,154,147.5,147.5,-10,-6.3492,155.3,155.1,156.05,156.4333,157.025,10,9,0,0,0,0,0,0,-36278,-644,0,0,0,0,0,0,0,0,0,0,0,0,0
2022/7/4,154,154,153,153.5,6,4.0678,154.5,154.85,155.975,156.4833,156.8417,5,7,0,0,0,0,0,0,-36359,-81,0,0,0,0,0,0,0,0,0,0,0,0,0
2022/7/5,148,153.5,148,153,-0.5,-0.3257,153.7,154.55,155.75,156.5083,156.6833,12,7,0,0,0,0,0,0,-35933,426,0,0,0,0,0,0,0,0,0,0,0,0,0
2022/7/6,154,154,152.5,152.5,-0.5,-0.3268,152.8,154.65,155.475,156.5333,156.5458,1,6,0,0,0,0,0,0,-36471,-538,0,0,0,0,0,0,0,0,0,0,0,0,0
2022/7/7,153.5,157,153,156,3.5,2.2951,152.5,154.75,155.35,156.625,156.4625,12,8,0,0,0,0,0,0,-35900,571,0,0,0,0,0,0,0,0,0,0,0,0,0
2022/7/8,154,157,154,157,1,0.641,154.4,154.85,155.35,156.6417,156.4208,6,7,0,0,0,0,0,0,-35504,396,0,0,0,0,0,0,0,0,0,0,0,0,0
2022/7/11,156.5,157.5,152.5,152.5,-4.5,-2.8662,154.2,154.35,155.225,156.6833,156.3583,14,9,0,0,0,0,0,0,-35532,-28,0,0,0,0,0,0,0,0,0,0,0,0,0
2022/7/12,153.5,157,152.5,152.5,0,0,154.1,153.9,154.975,156.6917,156.2792,5,7,0,0,0,0,0,0,-36048,-516,0,0,0,0,0,0,0,0,0,0,0,0,0
2022/7/13,152.5,156.5,152.5,154.5,2,1.3115,154.5,153.65,154.9,156.575,156.1958,8,9,0,0,0,0,0,0,-35570,478,0,0,0,0,0,0,0,0,0,0,0,0,0
2022/7/14,149,154.5,149,152.5,-2,-1.2945,153.8,153.15,154.65,156.4833,156.1,5,7,0,0,0,0,0,0,-35189,381,0,0,0,0,0,0,0,0,0,0,0,0,0
2022/7/15,149,154,149,154,1.5,0.9836,153.2,153.8,154.45,156.3833,156.0333,11,8,0,0,0,0,0,0,-35023,166,0,0,0,0,0,0,0,0,0,0,0,0,0
2022/7/18,154.5,157,153.5,156.5,2.5,1.6234,154,154.1,154.475,156.3,155.9375,14,8,0,0,0,0,0,0,-34508,515,0,0,0,0,0,0,0,0,0,0,0,0,0
2022/7/19,156.5,158.5,154.5,155,-1.5,-0.9585,154.5,154.3,154.425,155.8667,155.8333,26,12,0,0,0,0,0,0,-34355,153,0,0,0,0,0,0,0,0,0,0,0,0,0
2022/7/20,155,158.5,152,157.5,2.5,1.6129,155.1,154.8,154.725,155.575,155.775,219,55,0,0,0,0,0,0,-34169,186,0,0,0,0,0,0,0,0,0,0,0,0,0
2022/7/21,150,157.5,150,157.5,0,0,156.1,154.95,154.85,155.4583,155.7167,27,59,0,0,0,0,0,0,-33821,348,0,0,0,0,0,0,0,0,0,0,0,0,0
2022/7/22,151.5,157.5,150.5,151.5,-6,-3.8095,155.6,154.4,154.625,155.3167,155.6083,14,60,0,0,0,0,0,0,-33818,3,0,0,0,0,0,0,0,0,0,0,0,0,0
2022/7/25,150.5,156.5,150.5,155,3.5,2.3102,155.3,154.65,154.5,155.225,155.5458,9,59,0,0,0,0,0,0,-33740,78,0,0,0,0,0,0,0,0,0,0,0,0,0
2022/7/26,153.5,156.5,150.5,150.5,-4.5,-2.9032,154.4,154.45,154.175,155.125,155.45,7,55,0,0,0,0,0,0,-34050,-310,0,0,0,0,0,0,0,0,0,0,0,0,0
2022/7/27,153.5,155.5,153.5,155.5,5,3.3223,154,154.55,154.1,155.125,155.4125,3,12,0,0,0,0,0,0,-33773,277,0,0,0,0,0,0,0,0,0,0,0,0,0
2022/7/28,155.5,155.5,155.5,155.5,0,0,153.6,154.85,154,155.1417,155.3792,1,6,0,0,0,0,0,0,-33847,-74,0,0,0,0,0,0,0,0,0,0,0,0,0
2022/7/29,155,156,152,155.5,0,0,154.4,155,154.4,155.1583,155.3417,5,5,0,0,0,0,0,0,-33471,376,0,0,0,0,0,0,0,0,0,0,0,0,0
2022/8/1,155.5,155.5,155.5,155.5,0,0,154.5,154.9,154.5,155.175,155.3,1,3,0,0,0,0,0,0,-33313,158,0,0,0,0,0,0,0,0,0,0,0,0,0
2022/8/2,155.5,155.5,155.5,155.5,0,0,155.5,154.95,154.625,155.1083,155.2875,1,2,0,0,0,0,0,0,-33809,-496,0,0,0,0,0,0,0,0,0,0,0,0,0
2022/8/3,151.5,155.5,151,155.5,0,0,155.5,154.75,154.775,155.0583,155.2583,5,2,0,0,0,0,0,0,-34126,-317,0,0,0,0,0,0,0,0,0,0,0,0,0
2022/8/4,153,153,150,150.5,-5,-3.2154,154.5,154.05,154.5,154.925,155.1833,14,5,0,0,0,0,0,0,-34269,-143,0,0,0,0,0,0,0,0,0,0,0,0,0
2022/8/5,152,153,150.5,153,2.5,1.6611,154,154.2,154.3,154.85,155.1583,9,6,0,0,0,0,0,0,-33702,567,0,0,0,0,0,0,0,0,0,0,0,0,0
2022/8/8,153,153.5,146.5,153.5,0.5,0.3268,153.6,154.05,154.35,154.8417,155.1083,3,6,0,0,0,0,0,0,-33639,63,0,0,0,0,0,0,0,0,0,0,0,0,0
2022/8/9,153,153,148.5,152,-1.5,-0.9772,152.9,154.2,154.325,154.85,155.0583,6,7,0,0,0,0,0,0,-33437,202,0,0,0,0,0,0,0,0,0,0,0,0,0
2022/8/10,153.5,153.5,153,153,1,0.6579,152.4,153.95,154.25,154.875,155.0292,7,7,0,0,0,0,0,0,-33367,70,0,0,0,0,0,0,0,0,0,0,0,0,0
2022/8/11,154,154,151.5,152,-1,-0.6536,152.7,153.6,154.225,154.825,155,6,6,0,0,0,0,0,0,-33181,186,0,0,0,0,0,0,0,0,0,0,0,0,0
2022/8/12,153,156.5,152,155.5,3.5,2.3026,153.2,153.6,154.3,154.85,155.0042,35,11,0,0,0,0,0,0,-32897,284,0,0,0,0,0,0,0,0,0,0,0,0,0
2022/8/15,155.5,155.5,152.5,155,-0.5,-0.3215,153.5,153.55,154.225,154.8583,155.0292,19,14,0,0,0,0,0,0,-32555,342,0,0,0,0,0,0,0,0,0,0,0,0,0
2022/8/16,155.5,158,154,155.5,0.5,0.3226,154.2,153.55,154.25,154.8833,155.0583,73,28,0,0,0,0,0,0,-32519,36,0,0,0,0,0,0,0,0,0,0,0,0,0
2022/8/17,157.5,157.5,153.5,155.5,0,0,154.7,153.55,154.15,154.9,155.0792,33,33,0,0,0,0,0,0,-32376,143,0,0,0,0,0,0,0,0,0,0,0,0,0
2022/8/18,155,171,155,168,12.5,8.0386,157.9,155.3,154.675,155.1417,155.2042,185,69,0,0,0,0,0,0,-32135,241,0,0,0,0,0,0,0,0,0,0,0,0,0
2022/8/19,171,172,165,171,3,1.7857,161,157.1,155.65,155.425,155.35,95,81,0,0,0,0,0,0,-31927,208,0,0,0,0,0,0,0,0,0,0,0,0,0
2022/8/22,170.5,180,169,179.5,8.5,4.9708,165.9,159.7,156.875,155.8833,155.475,154,108,0,0,0,0,0,0,-32086,-159,0,0,0,0,0,0,0,0,0,0,0,0,0
2022/8/23,173.5,179.5,173,177.5,-2,-1.1142,170.3,162.25,158.225,156.2833,155.65,50,103,0,0,0,0,0,0,-32206,-120,0,0,0,0,0,0,0,0,0,0,0,0,0
2022/8/24,175,180,170,179.5,2,1.1268,175.1,164.9,159.425,156.65,155.875,138,124,0,0,0,0,0,0,-32161,45,0,0,0,0,0,0,0,0,0,0,0,0,0
2022/8/25,177.5,184,177,182,2.5,1.3928,177.9,167.9,160.75,157.0583,156.0958,173,122,0,0,0,0,0,0,-31828,333,0,0,0,0,0,0,0,0,0,0,0,0,0
2022/8/26,184.5,186,179,180.5,-1.5,-0.8242,179.8,170.4,162,157.4833,156.3292,45,112,0,0,0,0,0,0,-31676,152,0,0,0,0,0,0,0,0,0,0,0,0,0
2022/8/29,178,178,168.5,175,-5.5,-3.0471,178.9,172.4,162.975,157.8167,156.5458,114,104,0,0,0,0,0,0,-32119,-443,0,0,0,0,0,0,0,0,0,0,0,0,0
2022/8/30,170.5,173,169.5,171,-4,-2.2857,177.6,173.95,163.75,158.0417,156.7042,63,106,0,0,0,0,0,0,-31691,428,0,0,0,0,0,0,0,0,0,0,0,0,0
2022/8/31,173.5,179,173,178,7,4.0936,177.3,176.2,164.875,158.375,156.925,127,104,0,0,0,0,0,0,-31406,285,0,0,0,0,0,0,0,0,0,0,0,0,0
2022/9/1,177.5,180,176,177.5,-0.5,-0.2809,176.4,177.15,166.225,158.6917,157.1625,43,78,0,0,0,0,0,0,-31743,-337,0,0,0,0,0,0,0,0,0,0,0,0,0
2022/9/2,177,177.5,171,174,-3.5,-1.9718,175.1,177.45,167.275,158.975,157.3583,64,82,0,0,0,0,0,0,-31773,-30,0,0,0,0,0,0,0,0,0,0,0,0,0
2022/9/5,173.5,176.5,172,174.5,0.5,0.2874,175,176.95,168.325,159.3,157.5583,86,76,0,0,0,0,0,0,-32139,-366,0,0,0,0,0,0,0,0,0,0,0,0,0
2022/9/6,174.5,176.5,171,174,-0.5,-0.2865,175.6,176.6,169.425,159.575,157.7542,72,78,0,0,0,0,0,0,-32581,-442,0,0,0,0,0,0,0,0,0,0,0,0,0
2022/9/7,172.5,174.5,172,173.5,-0.5,-0.2874,174.7,176,170.45,159.8667,157.9375,33,59,0,0,0,0,0,0,-32843,-262,0,0,0,0,0,0,0,0,0,0,0,0,0
2022/9/8,172,175.5,172,174.5,1,0.5764,174.1,175.25,171.575,160.15,158.1,41,59,0,0,0,0,0,0,-32350,493,0,0,0,0,0,0,0,0,0,0,0,0,0
2022/9/12,174,174,171.5,173,-1.5,-0.8596,173.9,174.5,172.45,160.4,158.2708,60,58,0,0,0,0,0,0,-32086,264,0,0,0,0,0,0,0,0,0,0,0,0,0
2022/9/13,170.5,172.5,166,172.5,-0.5,-0.289,173.5,174.25,173.325,160.675,158.425,54,52,0,0,0,0,0,0,-32037,49,0,0,0,0,0,0,0,0,0,0,0,0,0
2022/9/14,170,173.5,170,172,-0.5,-0.2899,173.1,174.35,174.15,160.9417,158.5667,44,46,0,0,0,0,0,0,-32121,-84,0,0,0,0,0,0,0,0,0,0,0,0,0
2022/9/15,172.5,175,172,174,2,1.1628,173.2,173.95,175.075,161.3167,158.725,33,46,0,0,0,0,0,0,-32134,-13,0,0,0,0,0,0,0,0,0,0,0,0,0
2022/9/16,172,175,172,172,-2,-1.1494,172.7,173.4,175.275,161.6,158.8708,9,40,0,0,0,0,0,0,-32450,-316,0,0,0,0,0,0,0,0,0,0,0,0,0
2022/9/19,173,173,167.5,170,-2,-1.1628,172.1,173,175.225,161.8333,159.0042,23,32,0,0,0,0,0,0,-32904,-454,0,0,0,0,0,0,0,0,0,0,0,0,0
2022/9/20,171,171,170,170,0,0,171.6,172.55,174.75,162.0417,159.15,6,23,0,0,0,0,0,0,-32720,184,0,0,0,0,0,0,0,0,0,0,0,0,0
2022/9/21,167.5,168,166,166.5,-3.5,-2.0588,170.5,171.8,174.2,162.2,159.2792,7,15,0,0,0,0,0,0,-33085,-365,0,0,0,0,0,0,0,0,0,0,0,0,0
2022/9/22,167,171.5,166,168,1.5,0.9009,169.3,171.25,173.625,162.3833,159.4042,13,11,0,0,0,0,0,0,-33041,44,0,0,0,0,0,0,0,0,0,0,0,0,0
2022/9/23,170.5,170.5,170.5,170.5,2.5,1.4881,169,170.85,173.05,162.6,159.5583,1,10,0,0,0,0,0,0,-33515,-474,0,0,0,0,0,0,0,0,0,0,0,0,0
2022/9/26,166.5,167.5,165,167,-3.5,-2.0528,168.4,170.25,172.375,162.925,159.6792,26,10,0,0,0,0,0,0,-34191,-676,0,0,0,0,0,0,0,0,0,0,0,0,0
2022/9/27,166,170,165,170,3,1.7964,168.4,170,172.125,163.2,159.8417,24,14,0,0,0,0,0,0,-33904,287,0,0,0,0,0,0,0,0,0,0,0,0,0
2022/9/28,170.5,170.5,164.5,164.5,-5.5,-3.2353,168,169.25,171.8,163.3917,159.95,28,18,0,0,0,0,0,0,-34631,-727,0,0,0,0,0,0,0,0,0,0,0,0,0
2022/9/29,168,168.5,163.5,164,-0.5,-0.304,167.2,168.25,171.1,163.5833,160.0583,3,16,0,0,0,0,0,0,-34178,453,0,0,0,0,0,0,0,0,0,0,0,0,0
2022/9/30,168,168,160.5,166,2,1.2195,166.3,167.65,170.525,163.75,160.1875,6,17,0,0,0,0,0,0,-34013,165,0,0,0,0,0,0,0,0,0,0,0,0,0
2022/10/3,160.5,167.5,160.5,166,0,0,166.1,167.25,170.125,163.9,160.2708,6,13,0,0,0,0,0,0,-34101,-88,0,0,0,0,0,0,0,0,0,0,0,0,0
2022/10/4,168,168,168,168,2,1.2048,165.7,167.05,169.8,164.1583,160.4208,1,8,0,0,0,0,0,0,-33523,578,0,0,0,0,0,0,0,0,0,0,0,0,0
2022/10/5,168,171,168,169,1,0.5952,166.6,167.3,169.55,164.4333,160.5625,26,8,0,0,0,0,0,0,-33556,-33,0,0,0,0,0,0,0,0,0,0,0,0,0
2022/10/6,170.5,170.5,160.5,166,-3,-1.7751,167,167.1,169.175,164.625,160.6,52,18,0,0,0,0,0,0,-33477,79,0,0,0,0,0,0,0,0,0,0,0,0,0
2022/10/7,169.5,170,165.5,170,4,2.4096,167.8,167.05,168.95,164.9167,160.7,15,20,0,0,0,0,0,0,-33586,-109,0,0,0,0,0,0,0,0,0,0,0,0,0
2022/10/11,166,166,157.5,164,-6,-3.5294,167.4,166.75,168.5,165.0833,160.7333,50,28,0,0,0,0,0,0,-34226,-640,0,0,0,0,0,0,0,0,0,0,0,0,0
2022/10/12,163.5,163.5,163,163,-1,-0.6098,166.4,166.05,168.025,165.1917,160.7458,3,29,0,0,0,0,0,0,-34274,-48,0,0,0,0,0,0,0,0,0,0,0,0,0
2022/10/13,164,164,158.5,160,-3,-1.8405,164.6,165.6,167.425,165.275,160.5708,2,24,0,0,0,0,0,0,-34978,-704,0,0,0,0,0,0,0,0,0,0,0,0,0
2022/10/14,163.5,163.5,163.5,163.5,3.5,2.1875,164.1,165.55,166.9,165.375,160.475,1,14,0,0,0,0,0,0,-34363,615,0,0,0,0,0,0,0,0,0,0,0,0,0
2022/10/17,158.5,161.5,155,161.5,-2,-1.2232,162.4,165.1,166.375,165.4417,160.45,19,15,0,0,0,0,0,0,-34623,-260,0,0,0,0,0,0,0,0,0,0,0,0,0
2022/10/18,161,161,157.5,157.5,-4,-2.4768,161.1,164.25,165.75,165.5417,160.4292,2,5,0,0,0,0,0,0,-34342,281,0,0,0,0,0,0,0,0,0,0,0,0,0
2022/10/19,161,161,157.5,159,1.5,0.9524,160.3,163.35,165.2,165.6083,160.4167,5,5,0,0,0,0,0,0,-34524,-182,0,0,0,0,0,0,0,0,0,0,0,0,0
2022/10/20,158,158,155.5,156.5,-2.5,-1.5723,159.6,162.1,164.7,165.7083,160.4167,17,8,0,0,0,0,0,0,-34872,-348,0,0,0,0,0,0,0,0,0,0,0,0,0
2022/10/21,157,157,153.5,153.5,-3,-1.9169,157.6,160.85,163.975,165.675,160.4,14,11,0,0,0,0,0,0,-35230,-358,0,0,0,0,0,0,0,0,0,0,0,0,0
2022/10/24,157,157,153,154,0.5,0.3257,156.1,159.25,163.15,165.65,160.3958,8,9,0,0,0,0,0,0,-35049,181,0,0,0,0,0,0,0,0,0,0,0,0,0
2022/10/25,157,157,146.5,151.5,-2.5,-1.6234,154.9,158,162.375,165.5833,160.3708,24,13,0,0,0,0,0,0,-35493,-444,0,0,0,0,0,0,0,0,0,0,0,0,0
2022/10/26,148,152.5,148,152.5,1,0.6601,153.6,156.95,161.5,165.5333,160.3542,18,16,0,0,0,0,0,0,-35598,-105,0,0,0,0,0,0,0,0,0,0,0,0,0
2022/10/27,156.5,156.5,152,154,1.5,0.9836,153.1,156.35,160.975,165.5083,160.3083,36,20,0,0,0,0,0,0,-35075,523,0,0,0,0,0,0,0,0,0,0,0,0,0
2022/10/28,154.5,154.5,154.5,154.5,0.5,0.3247,153.3,155.45,160.5,165.4917,160.275,1,17,0,0,0,0,0,0,-35537,-462,0,0,0,0,0,0,0,0,0,0,0,0,0
2022/10/31,154.5,154.5,150.5,154,-0.5,-0.3236,153.3,154.7,159.9,165.55,160.2375,5,16,0,0,0,0,0,0,-35109,428,0,0,0,0,0,0,0,0,0,0,0,0,0
2022/11/1,154,154,151,154,0,0,153.8,154.35,159.3,165.5667,160.2083,2,12,0,0,0,0,0,0,-34657,452,0,0,0,0,0,0,0,0,0,0,0,0,0
2022/11/2,154,154,152.5,152.5,-1.5,-0.974,153.8,153.7,158.525,165.55,160.1958,9,10,0,0,0,0,0,0,-34227,430,0,0,0,0,0,0,0,0,0,0,0,0,0
2022/11/3,152.5,152.5,151,151,-1.5,-0.9836,153.2,153.15,157.625,165.5333,160.1917,16,6,0,0,0,0,0,0,-34060,167,0,0,0,0,0,0,0,0,0,0,0,0,0
2022/11/4,150.5,153,150.5,152.5,1.5,0.9934,152.8,153.05,156.95,165.525,160.2,17,9,0,0,0,0,0,0,-33797,263,0,0,0,0,0,0,0,0,0,0,0,0,0
2022/11/7,154.5,155,150.5,155,2.5,1.6393,153,153.15,156.2,165.575,160.2,5,9,0,0,0,0,0,0,-33459,338,0,0,0,0,0,0,0,0,0,0,0,0,0
2022/11/8,155,157,154,155,0,0,153.2,153.5,155.75,165.5667,160.2083,22,13,0,0,0,0,0,0,-33524,-65,0,0,0,0,0,0,0,0,0,0,0,0,0
2022/11/9,156.5,156.5,156,156.5,1.5,0.9677,154,153.9,155.425,165.5917,160.225,8,13,0,0,0,0,0,0,-33207,317,0,0,0,0,0,0,0,0,0,0,0,0,0
2022/11/10,156.5,156.5,153.5,155,-1.5,-0.9585,154.8,154,155.175,165.5833,160.2333,2,10,0,0,0,0,0,0,-33448,-241,0,0,0,0,0,0,0,0,0,0,0,0,0
2022/11/11,156,157.5,153,157.5,2.5,1.6129,155.8,154.3,154.875,165.6167,160.2583,5,8,0,0,0,0,0,0,-33329,119,0,0,0,0,0,0,0,0,0,0,0,0,0
2022/11/14,158,158.5,157.5,158,0.5,0.3175,156.4,154.7,154.7,165.45,160.2958,13,10,0,0,0,0,0,0,-33091,238,0,0,0,0,0,0,0,0,0,0,0,0,0
2022/11/15,156.5,158,153.5,157.5,-0.5,-0.3165,156.9,155.05,154.7,165.225,160.325,30,11,0,0,0,0,0,0,-33030,61,0,0,0,0,0,0,0,0,0,0,0,0,0
2022/11/16,157.5,157.5,153,157,-0.5,-0.3175,157,155.5,154.6,164.85,160.3667,3,10,0,0,0,0,0,0,-33066,-36,0,0,0,0,0,0,0,0,0,0,0,0,0
2022/11/17,157,157,155,157,0,0,157.4,156.1,154.625,164.5083,160.3958,7,11,0,0,0,0,0,0,-32671,395,0,0,0,0,0,0,0,0,0,0,0,0,0
2022/11/18,157,157,155,156.5,-0.5,-0.3185,157.2,156.5,154.775,164.125,160.3875,18,14,0,0,0,0,0,0,-32796,-125,0,0,0,0,0,0,0,0,0,0,0,0,0
2022/11/21,156.5,156.5,155,156,-0.5,-0.3195,156.8,156.6,154.875,163.6917,160.375,45,20,0,0,0,0,0,0,-32808,-12,0,0,0,0,0,0,0,0,0,0,0,0,0
2022/11/22,156,156,155,156,0,0,156.5,156.7,155.1,163.2833,160.3833,21,18,0,0,0,0,0,0,-32999,-191,0,0,0,0,0,0,0,0,0,0,0,0,0
2022/11/23,155.5,157,154.5,157,1,0.641,156.5,156.75,155.325,162.9833,160.4,32,24,0,0,0,0,0,0,-32786,213,0,0,0,0,0,0,0,0,0,0,0,0,0
2022/11/24,156.5,156.5,154.5,156,-1,-0.6369,156.3,156.85,155.425,162.7333,160.3875,25,28,0,0,0,0,0,0,-32654,132,0,0,0,0,0,0,0,0,0,0,0,0,0
2022/11/25,156,156,153.5,155,-1,-0.641,156,156.6,155.45,162.35,160.3625,33,31,0,0,0,0,0,0,-32933,-279,0,0,0,0,0,0,0,0,0,0,0,0,0
2022/11/28,154,154,149,152,-3,-1.9355,155.2,156,155.35,161.925,160.3083,35,29,0,0,0,0,0,0,-32730,203,0,0,0,0,0,0,0,0,0,0,0,0,0
2022/11/29,153,153.5,151.5,153.5,1.5,0.9868,154.7,155.6,155.325,161.5833,160.2792,5,26,0,0,0,0,0,0,-32533,197,0,0,0,0,0,0,0,0,0,0,0,0,0
2022/11/30,154,154.5,152,154,0.5,0.3257,154.1,155.3,155.4,161.2417,160.2708,49,29,0,0,0,0,0,0,-32104,429,0,0,0,0,0,0,0,0,0,0,0,0,0
2022/12/1,155,157,155,157,3,1.9481,154.3,155.3,155.7,160.9583,160.2667,7,25,0,0,0,0,0,0,-31779,325,0,0,0,0,0,0,0,0,0,0,0,0,0
2022/12/2,155,157.5,155,157.5,0.5,0.3185,154.8,155.4,155.95,160.6917,160.2792,5,20,0,0,0,0,0,0,-31570,209,0,0,0,0,0,0,0,0,0,0,0,0,0
2022/12/5,157.5,157.5,155,155,-2.5,-1.5873,155.4,155.3,155.95,160.3667,160.2583,11,15,0,0,0,0,0,0,-31354,216,0,0,0,0,0,0,0,0,0,0,0,0,0
2022/12/6,155,157,154.5,157,2,1.2903,156.1,155.4,156.05,160.1,160.25,3,15,0,0,0,0,0,0,-31718,-364,0,0,0,0,0,0,0,0,0,0,0,0,0
2022/12/7,157,158,154.5,155.5,-1.5,-0.9554,156.4,155.25,156,159.8167,160.2458,9,7,0,0,0,0,0,0,-32068,-350,0,0,0,0,0,0,0,0,0,0,0,0,0
2022/12/8,155.5,156.5,155.5,156,0.5,0.3215,156.2,155.25,156.05,159.55,160.2458,22,10,0,0,0,0,0,0,-31875,193,0,0,0,0,0,0,0,0,0,0,0,0,0
2022/12/9,155.5,157,155,157,1,0.641,156.1,155.45,156.025,159.2667,160.2917,3,9,0,0,0,0,0,0,-31936,-61,0,0,0,0,0,0,0,0,0,0,0,0,0
2022/12/12,157,157,152.5,155,-2,-1.2739,156.1,155.75,155.875,158.9833,160.2917,9,9,0,0,0,0,0,0,-32054,-118,0,0,0,0,0,0,0,0,0,0,0,0,0
2022/12/13,152.5,153.5,152,153.5,-1.5,-0.9677,155.4,155.75,155.675,158.7083,160.2708,17,12,0,0,0,0,0,0,-32210,-156,0,0,0,0,0,0,0,0,0,0,0,0,0
2022/12/14,155,156,153,154.5,1,0.6515,155.2,155.8,155.55,158.45,160.2458,3,10,0,0,0,0,0,0,-31876,334,0,0,0,0,0,0,0,0,0,0,0,0,0
2022/12/15,154,154,153,153.5,-1,-0.6472,154.7,155.45,155.375,158.2333,160.2167,5,7,0,0,0,0,0,0,-31754,122,0,0,0,0,0,0,0,0,0,0,0,0,0
2022/12/16,153.5,154,152.5,153.5,0,0,154,155.05,155.225,157.9917,160.1875,7,8,0,0,0,0,0,0,-32165,-411,0,0,0,0,0,0,0,0,0,0,0,0,0
2022/12/19,152.5,153.5,152.5,153.5,0,0,153.7,154.9,155.1,157.7083,160.1542,3,7,0,0,0,0,0,0,-32336,-171,0,0,0,0,0,0,0,0,0,0,0,0,0
2022/12/20,153.5,153.5,152,153,-0.5,-0.3257,153.6,154.5,154.95,157.475,160.2,3,4,0,0,0,0,0,0,-32943,-607,0,0,0,0,0,0,0,0,0,0,0,0,0
2022/12/21,153,155,151.5,152.5,-0.5,-0.3268,153.2,154.2,154.725,157.1833,160.1917,8,5,0,0,0,0,0,0,-32754,189,0,0,0,0,0,0,0,0,0,0,0,0,0
2022/12/22,154,154,151.5,152,-0.5,-0.3279,152.9,153.8,154.525,156.975,160.1833,10,6,0,0,0,0,0,0,-32452,302,0,0,0,0,0,0,0,0,0,0,0,0,0
2022/12/23,154,154,152.5,154,2,1.3158,153,153.5,154.475,156.8083,160.1958,20,8,0,0,0,0,0,0,-32522,-70,0,0,0,0,0,0,0,0,0,0,0,0,0
2022/12/26,155,162,155,158,4,2.5974,153.9,153.8,154.775,156.675,160.2125,25,13,0,0,0,0,0,0,-32534,-12,0,0,0,0,0,0,0,0,0,0,0,0,0
2022/12/27,157,161.5,157,158.5,0.5,0.3165,155,154.3,155.025,156.55,160.225,42,21,0,0,0,0,0,0,-32532,2,0,0,0,0,0,0,0,0,0,0,0,0,0
2022/12/28,161.5,161.5,158,159,0.5,0.3155,156.3,154.75,155.275,156.4,160.2792,22,23,0,0,0,0,0,0,-32958,-426,0,0,0,0,0,0,0,0,0,0,0,0,0
2022/12/29,159.5,160,157.5,159.5,0.5,0.3145,157.8,155.35,155.4,156.2417,160.3375,21,26,0,0,0,0,0,0,-32979,-21,0,0,0,0,0,0,0,0,0,0,0,0,0
2022/12/30,159.5,161.5,156,159.5,0,0,158.9,155.95,155.5,156.1333,160.3792,12,24,0,0,0,0,0,0,-32892,87,0,0,0,0,0,0,0,0,0,0,0,0,0
2023/1/3,161,161,157.5,159,-0.5,-0.3135,159.1,156.5,155.7,155.95,160.4333,44,28,0,0,0,0,0,0,-32786,106,0,0,0,0,0,0,0,0,0,0,0,0,0
2023/1/4,160.5,160.5,157.5,158,-1,-0.6289,159,157,155.75,155.85,160.4667,29,25,0,0,0,0,0,0,-32684,102,0,0,0,0,0,0,0,0,0,0,0,0,0
2023/1/5,160,160,158.5,158.5,0.5,0.3165,158.9,157.6,155.9,155.775,160.4833,12,23,0,0,0,0,0,0,-32739,-55,0,0,0,0,0,0,0,0,0,0,0,0,0
2023/1/6,159.5,160,158.5,159.5,1,0.6309,158.9,158.35,156.075,155.7667,160.5208,22,23,0,0,0,0,0,0,-32638,101,0,0,0,0,0,0,0,0,0,0,0,0,0
2023/1/9,158.5,161.5,158.5,160,0.5,0.3135,159,158.95,156.225,155.7083,160.5417,5,22,0,0,0,0,0,0,-32430,208,0,0,0,0,0,0,0,0,0,0,0,0,0
2023/1/10,161,162,160.5,161,1,0.625,159.4,159.25,156.525,155.7,160.5708,9,15,0,0,0,0,0,0,-32538,-108,0,0,0,0,0,0,0,0,0,0,0,0,0
2023/1/11,162,166.5,162,165.5,4.5,2.795,160.9,159.95,157.125,155.8333,160.6875,34,16,0,0,0,0,0,0,-32574,-36,0,0,0,0,0,0,0,0,0,0,0,0,0
2023/1/12,166.5,167,162,164.5,-1,-0.6042,162.1,160.5,157.625,155.925,160.7667,15,17,0,0,0,0,0,0,-32853,-279,0,0,0,0,0,0,0,0,0,0,0,0,0
2023/1/13,164.5,165,158.5,159,-5.5,-3.3435,162,160.45,157.9,155.9667,160.8375,19,16,0,0,0,0,0,0,-33070,-217,0,0,0,0,0,0,0,0,0,0,0,0,0
2023/1/16,162,162,158.5,160,1,0.6289,162,160.5,158.225,156.075,160.875,13,18,0,0,0,0,0,0,-32966,104,0,0,0,0,0,0,0,0,0,0,0,0,0
2023/1/17,163,164.5,162,164.5,4.5,2.8125,162.7,161.05,158.775,156.25,160.95,31,22,0,0,0,0,0,0,-32761,205,0,0,0,0,0,0,0,0,0,0,0,0,0
2023/1/30,166,167.5,165,167.5,3,1.8237,163.1,162,159.5,156.5167,161.05,41,23,0,0,0,0,0,0,-32286,475,0,0,0,0,0,0,0,0,0,0,0,0,0
2023/1/31,165,173,164,170.5,3,1.791,164.3,163.2,160.4,156.8167,161.175,60,32,0,0,0,0,0,0,-31973,313,0,0,0,0,0,0,0,0,0,0,0,0,0
2023/2/1,172.5,175.5,169,173.5,3,1.7595,167.2,164.6,161.475,157.1417,161.325,61,41,0,0,0,0,0,0,-31596,377,0,0,0,0,0,0,0,0,0,0,0,0,0
2023/2/2,173.5,178,173,177,3.5,2.0173,170.6,166.3,162.625,157.5167,161.5042,10,40,0,0,0,0,0,0,-31208,388,0,0,0,0,0,0,0,0,0,0,0,0,0
2023/2/3,176.5,176.5,172,176,-1,-0.565,172.9,167.8,163.525,157.8833,161.7167,11,36,0,0,0,0,0,0,-31300,-92,0,0,0,0,0,0,0,0,0,0,0,0,0
2023/2/6,172,175.5,170,173,-3,-1.7045,174,168.55,164.25,158.2,161.8833,17,31,0,0,0,0,0,0,-31283,17,0,0,0,0,0,0,0,0,0,0,0,0,0
2023/2/7,174.5,174.5,173,174.5,1.5,0.8671,174.8,169.55,165.025,158.5667,162.0583,4,20,0,0,0,0,0,0,-31072,211,0,0,0,0,0,0,0,0,0,0,0,0,0
2023/2/8,174,177.5,174,174.5,0,0,175,171.1,165.775,158.9583,162.2458,20,12,0,0,0,0,0,0,-30910,162,0,0,0,0,0,0,0,0,0,0,0,0,0
2023/2/9,173,173.5,169,170,-4.5,-2.5788,173.6,172.1,166.3,159.25,162.3875,64,23,0,0,0,0,0,0,-30895,15,0,0,0,0,0,0,0,0,0,0,0,0,0
2023/2/10,171,172.5,163.5,170,0,0,172.4,172.65,166.85,159.5,162.5375,40,29,0,0,0,0,0,0,-31269,-374,0,0,0,0,0,0,0,0,0,0,0,0,0
2023/2/13,169.5,169.5,165,169.5,-0.5,-0.2941,171.7,172.85,167.425,159.7417,162.6542,7,27,0,0,0,0,0,0,-31329,-60,0,0,0,0,0,0,0,0,0,0,0,0,0
2023/2/14,169,169.5,166,169,-0.5,-0.295,170.6,172.7,167.95,159.95,162.7708,11,28,0,0,0,0,0,0,-31131,198,0,0,0,0,0,0,0,0,0,0,0,0,0
2023/2/15,166,169.5,165,168,-1,-0.5917,169.3,172.15,168.375,160.1667,162.875,12,26,0,0,0,0,0,0,-31230,-99,0,0,0,0,0,0,0,0,0,0,0,0,0
2023/2/16,166.5,169,166.5,169,1,0.5952,169.1,171.35,168.825,160.3583,162.9875,19,17,0,0,0,0,0,0,-30824,406,0,0,0,0,0,0,0,0,0,0,0,0,0
2023/2/17,169.5,173,167,172.5,3.5,2.071,169.6,171,169.4,160.6,163.025,25,14,0,0,0,0,0,0,-30677,147,0,0,0,0,0,0,0,0,0,0,0,0,0
2023/2/20,174.5,177,172.5,176,3.5,2.029,170.9,171.3,169.925,160.9083,163.0667,41,21,0,0,0,0,0,0,-30332,345,0,0,0,0,0,0,0,0,0,0,0,0,0
2023/2/21,176.5,184,175.5,182,6,3.4091,173.5,172.05,170.8,161.325,163.0875,83,36,0,0,0,0,0,0,-30251,81,0,0,0,0,0,0,0,0,0,0,0,0,0
2023/2/22,182,205,180,197.5,15.5,8.5165,179.4,174.35,172.725,162,163.2542,215,76,0,0,0,0,0,0,-30384,-133,0,0,0,0,0,0,0,0,0,0,0,0,0
2023/2/23,192,201.5,192,200.5,3,1.519,185.7,177.4,174.75,162.7333,163.4292,236,120,0,0,0,0,0,0,-29950,434,0,0,0,0,0,0,0,0,0,0,0,0,0
2023/2/24,202,206,195,202.5,2,0.9975,191.7,180.65,176.65,163.5083,163.6,58,126,0,0,0,0,0,0,-30119,-169,0,0,0,0,0,0,0,0,0,0,0,0,0
2023/3/1,195,204.5,195,200.5,-2,-0.9877,196.6,183.75,178.3,164.25,163.7667,39,126,0,0,0,0,0,0,-30037,82,0,0,0,0,0,0,0,0,0,0,0,0,0
2023/3/2,201.5,201.5,194.5,200.5,0,0,200.3,186.9,179.8,164.975,163.9792,12,112,0,0,0,0,0,0,-29888,149,0,0,0,0,0,0,0,0,0,0,0,0,0
2023/3/3,200.5,201.5,194.5,198,-2.5,-1.2469,200.4,189.9,181.025,165.675,164.2042,9,70,0,0,0,0,0,0,-29628,260,0,0,0,0,0,0,0,0,0,0,0,0,0
2023/3/6,197.5,200.5,195.5,195.5,-2.5,-1.2626,199.4,192.55,181.95,166.35,164.35,36,30,0,0,0,0,0,0,-29238,390,0,0,0,0,0,0,0,0,0,0,0,0,0
2023/3/7,199,209.5,194,199,3.5,1.7903,198.7,195.2,183.1,167.1333,164.5292,92,37,0,0,0,0,0,0,-29133,105,0,0,0,0,0,0,0,0,0,0,0,0,0
2023/3/8,199.5,203.5,195,202.5,3.5,1.7588,199.1,197.85,184.575,167.95,164.7667,132,56,0,0,0,0,0,0,-29032,101,0,0,0,0,0,0,0,0,0,0,0,0,0
2023/3/9,199,203,196,200.5,-2,-0.9877,199.1,199.7,185.875,168.725,164.9833,77,69,0,0,0,0,0,0,-29158,-126,0,0,0,0,0,0,0,0,0,0,0,0,0
2023/3/10,200.5,200.5,190,198.5,-2,-0.9975,199.2,199.8,187.075,169.4167,165.1875,69,81,0,0,0,0,0,0,-29689,-531,0,0,0,0,0,0,0,0,0,0,0,0,0
2023/3/13,199.5,200.5,193,200.5,2,1.0076,200.2,199.8,188.6,170.1333,165.4125,58,85,0,0,0,0,0,0,-29957,-268,0,0,0,0,0,0,0,0,0,0,0,0,0
2023/3/14,200,201,195.5,196.5,-4,-1.995,199.7,199.2,189.925,170.825,165.5958,35,74,0,0,0,0,0,0,-30240,-283,0,0,0,0,0,0,0,0,0,0,0,0,0
2023/3/15,196.5,203.5,196.5,201,4.5,2.2901,199.4,199.25,191.5,171.5583,165.8292,84,64,0,0,0,0,0,0,-30154,86,0,0,0,0,0,0,0,0,0,0,0,0,0
2023/3/16,201,202.5,197,200,-1,-0.4975,199.3,199.2,193.05,172.3,166.0583,29,55,0,0,0,0,0,0,-30696,-542,0,0,0,0,0,0,0,0,0,0,0,0,0
2023/3/17,201.5,201.5,197.5,201,1,0.5,199.8,199.5,194.7,173.05,166.3,15,44,0,0,0,0,0,0,-30133,563,0,0,0,0,0,0,0,0,0,0,0,0,0
2023/3/20,200.5,200.5,195,195.5,-5.5,-2.7363,198.8,199.5,196.025,173.6917,166.4792,25,37,0,0,0,0,0,0,-29859,274,0,0,0,0,0,0,0,0,0,0,0,0,0
2023/3/21,198,198,190,192,-3.5,-1.7903,197.9,198.8,197,174.3083,166.6458,72,45,0,0,0,0,0,0,-29573,286,0,0,0,0,0,0,0,0,0,0,0,0,0
2023/3/22,193,193,181,187,-5,-2.6042,195.1,197.25,197.55,174.8667,166.7875,88,45,0,0,0,0,0,0,-29193,380,0,0,0,0,0,0,0,0,0,0,0,0,0
2023/3/23,185.5,190,185.5,190,3,1.6043,193.1,196.2,197.95,175.4583,166.9542,36,47,0,0,0,0,0,0,-29064,129,0,0,0,0,0,0,0,0,0,0,0,0,0
2023/3/24,190,191,189,190.5,0.5,0.2632,191,195.4,197.6,176.075,167.1542,30,50,0,0,0,0,0,0,-29000,64,0,0,0,0,0,0,0,0,0,0,0,0,0
2023/3/27,192.5,205,191.5,199,8.5,4.4619,191.7,195.25,197.525,176.8333,167.4125,106,66,0,0,0,0,0,0,-28993,7,0,0,0,0,0,0,0,0,0,0,0,0,0
2023/3/28,201,201,193,199.5,0.5,0.2513,193.2,195.55,197.375,177.6,167.6542,71,66,0,0,0,0,0,0,-29433,-440,0,0,0,0,0,0,0,0,0,0,0,0,0
2023/3/29,195,198,195,196.5,-3,-1.5038,195.1,195.1,197.175,178.325,167.9,12,51,0,0,0,0,0,0,-29473,-40,0,0,0,0,0,0,0,0,0,0,0,0,0
2023/3/30,195.5,196,193,196,-0.5,-0.2545,196.3,194.7,196.95,179.05,168.1167,13,46,0,0,0,0,0,0,-29226,247,0,0,0,0,0,0,0,0,0,0,0,0,0
2023/3/31,195,195.5,193.5,194.5,-1.5,-0.7653,197.1,194.05,196.775,179.7583,168.3667,26,45,0,0,0,0,0,0,-29032,194,0,0,0,0,0,0,0,0,0,0,0,0,0
2023/4/6,194.5,195.5,192.5,193,-1.5,-0.7712,195.9,193.8,196.65,180.4083,168.6083,36,31,0,0,0,0,0,0,-28978,54,0,0,0,0,0,0,0,0,0,0,0,0,0
2023/4/7,191,194.5,191,194,1,0.5181,194.8,194,196.4,181.0083,168.8417,13,20,0,0,0,0,0,0,-28888,90,0,0,0,0,0,0,0,0,0,0,0,0,0
2023/4/10,194,194,191,193.5,-0.5,-0.2577,194.2,194.65,195.95,181.5917,169.0708,18,21,0,0,0,0,0,0,-28756,132,0,0,0,0,0,0,0,0,0,0,0,0,0
2023/4/11,192.5,195,192,193.5,0,0,193.7,195,195.6,182.1667,169.2833,31,24,0,0,0,0,0,0,-28646,110,0,0,0,0,0,0,0,0,0,0,0,0,0
2023/4/12,193.5,194,192,192.5,-1,-0.5168,193.3,195.2,195.3,182.7167,169.4792,50,29,0,0,0,0,0,0,-28417,229,0,0,0,0,0,0,0,0,0,0,0,0,0
2023/4/13,192.5,196,192.5,194,1.5,0.7792,193.5,194.7,194.975,183.2917,169.7125,54,33,0,0,0,0,0,0,-28555,-138,0,0,0,0,0,0,0,0,0,0,0,0,0
2023/4/14,194,201.5,194,201.5,7.5,3.866,195,194.9,195.225,184,169.975,72,45,0,0,0,0,0,0,-28365,190,0,0,0,0,0,0,0,0,0,0,0,0,0
2023/4/17,201.5,211,199,211,9.5,4.7146,198.5,196.35,195.725,184.8833,170.3667,193,80,0,0,0,0,0,0,-28046,319,0,0,0,0,0,0,0,0,0,0,0,0,0
2023/4/18,209,209,202,207,-4,-1.8957,201.2,197.45,196.075,185.6917,170.7333,50,83,0,0,0,0,0,0,-28211,-165,0,0,0,0,0,0,0,0,0,0,0,0,0
2023/4/19,203,208,202,205.5,-1.5,-0.7246,203.8,198.55,196.3,186.4583,171.1125,41,82,0,0,0,0,0,0,-28180,31,0,0,0,0,0,0,0,0,0,0,0,0,0
2023/4/20,205.5,208,202,204,-1.5,-0.7299,205.8,199.65,196.725,187.1917,171.45,53,81,0,0,0,0,0,0,-28665,-485,0,0,0,0,0,0,0,0,0,0,0,0,0
2023/4/21,204,210,202.5,207,3,1.4706,206.9,200.95,197.475,187.9583,171.8292,55,78,0,0,0,0,0,0,-29253,-588,0,0,0,0,0,0,0,0,0,0,0,0,0
2023/4/24,210,229,209,225,18,8.6957,209.7,204.1,199.375,188.95,172.3917,422,124,0,0,0,0,0,0,-28983,270,0,0,0,0,0,0,0,0,0,0,0,0,0
2023/4/25,228,228,209,212.5,-12.5,-5.5556,210.8,206,200.5,189.75,172.8375,349,184,0,0,0,0,0,0,-29545,-562,0,0,0,0,0,0,0,0,0,0,0,0,0
2023/4/26,215,215,209,210.5,-2,-0.9412,211.8,207.8,201.5,190.6083,173.2875,156,207,0,0,0,0,0,0,-29359,186,0,0,0,0,0,0,0,0,0,0,0,0,0
2023/4/27,211,220.5,209,215.5,5,2.3753,214.1,209.95,202.325,191.5333,173.8042,143,225,0,0,0,0,0,0,-29181,178,0,0,0,0,0,0,0,0,0,0,0,0,0
2023/4/28,218.5,235,216.5,234,18.5,8.5847,219.5,213.2,204.05,192.6917,174.4708,367,287,0,0,0,0,0,0,-28707,474,0,0,0,0,0,0,0,0,0,0,0,0,0
2023/5/2,234.5,251,230,244.5,10.5,4.4872,223.4,216.55,206.45,193.975,175.2458,310,265,0,0,0,0,0,0,-28421,286,0,0,0,0,0,0,0,0,0,0,0,0,0
2023/5/3,239,241.5,230,237.5,-7,-2.863,228.4,219.6,208.525,195.0917,175.9542,110,217,0,0,0,0,0,0,-28663,-242,0,0,0,0,0,0,0,0,0,0,0,0,0
2023/5/4,237.5,245.5,232,240,2.5,1.0526,234.3,223.05,210.8,196.2,176.6708,131,212,0,0,0,0,0,0,-28497,166,0,0,0,0,0,0,0,0,0,0,0,0,0
2023/5/5,240,248,239,248,8,3.3333,240.8,227.45,213.55,197.3833,177.45,156,214,0,0,0,0,0,0,-28544,-47,0,0,0,0,0,0,0,0,0,0,0,0,0
2023/5/8,248,249.5,242,246,-2,-0.8065,243.2,231.35,216.15,198.55,178.2167,122,165,0,0,0,0,0,0,-28563,-19,0,0,0,0,0,0,0,0,0,0,0,0,0
2023/5/9,247,248,239,245,-1,-0.4065,243.3,233.35,218.725,199.75,178.975,101,124,0,0,0,0,0,0,-29011,-448,0,0,0,0,0,0,0,0,0,0,0,0,0
2023/5/10,245.5,245.5,232.5,237.5,-7.5,-3.0612,243.3,235.85,220.925,200.8,179.6833,61,114,0,0,0,0,0,0,-28920,91,0,0,0,0,0,0,0,0,0,0,0,0,0
2023/5/11,237,237.5,220,225,-12.5,-5.2632,240.3,237.3,222.55,201.6417,180.3,160,120,0,0,0,0,0,0,-29444,-524,0,0,0,0,0,0,0,0,0,0,0,0,0
2023/5/12,226.5,247,220.5,243,18,8,239.3,240.05,225,202.8583,181.0542,102,109,0,0,0,0,0,0,-29131,313,0,0,0,0,0,0,0,0,0,0,0,0,0
2023/5/15,241,241.5,229,241.5,-1.5,-0.6173,238.4,240.8,227,204.05,181.775,54,95,0,0,0,0,0,0,-29404,-273,0,0,0,0,0,0,0,0,0,0,0,0,0
2023/5/16,242,242,231.5,236.5,-5,-2.0704,236.7,240,228.275,205.1667,182.4542,37,82,0,0,0,0,0,0,-29037,367,0,0,0,0,0,0,0,0,0,0,0,0,0
2023/5/17,236.5,236.5,227.5,234,-2.5,-1.0571,236,239.65,229.625,206.25,183.1,23,75,0,0,0,0,0,0,-28644,393,0,0,0,0,0,0,0,0,0,0,0,0,0
2023/5/18,231,234.5,226.5,230,-4,-1.7094,237,238.65,230.85,207.2833,183.725,44,52,0,0,0,0,0,0,-28523,121,0,0,0,0,0,0,0,0,0,0,0,0,0
2023/5/19,231,231,226,230,0,0,234.4,236.85,232.15,208.3,184.3292,31,37,0,0,0,0,0,0,-28635,-112,0,0,0,0,0,0,0,0,0,0,0,0,0
2023/5/22,227.5,227.5,221,224,-6,-2.6087,230.9,234.65,233,209.1583,184.8792,108,48,0,0,0,0,0,0,-28212,423,0,0,0,0,0,0,0,0,0,0,0,0,0
2023/5/23,224,224,219,221,-3,-1.3393,227.8,232.25,232.8,209.9083,185.4083,56,52,0,0,0,0,0,0,-27983,229,0,0,0,0,0,0,0,0,0,0,0,0,0
2023/5/24,221,229.5,221,224,3,1.3575,225.8,230.9,233.375,210.6083,185.9667,35,54,0,0,0,0,0,0,-28016,-33,0,0,0,0,0,0,0,0,0,0,0,0,0
2023/5/25,222,227.5,220.5,227.5,3.5,1.5625,225.3,231.15,234.225,211.1083,186.5542,52,56,0,0,0,0,0,0,-28194,-178,0,0,0,0,0,0,0,0,0,0,0,0,0
2023/5/26,223.5,226,221.5,224,-3.5,-1.5385,224.1,229.25,234.65,211.5,187.1167,36,57,0,0,0,0,0,0,-28492,-298,0,0,0,0,0,0,0,0,0,0,0,0,0
2023/5/29,223.5,224.5,218.5,224.5,0.5,0.2232,224.2,227.55,234.175,211.8667,187.6875,42,44,0,0,0,0,0,0,-28076,416,0,0,0,0,0,0,0,0,0,0,0,0,0
2023/5/30,225,225,220.5,221.5,-3,-1.3363,224.3,226.05,233.025,212.2167,188.2333,12,35,0,0,0,0,0,0,-28262,-186,0,0,0,0,0,0,0,0,0,0,0,0,0
2023/5/31,221.5,224.5,221,223,1.5,0.6772,224.1,224.95,232.3,212.5917,188.7833,20,32,0,0,0,0,0,0,-27992,270,0,0,0,0,0,0,0,0,0,0,0,0,0
2023/6/1,221.5,222.5,219.5,221,-2,-0.8969,222.8,224.05,231.35,212.975,189.325,24,26,0,0,0,0,0,0,-27884,108,0,0,0,0,0,0,0,0,0,0,0,0,0
2023/6/2,221,221,217.5,220.5,-0.5,-0.2262,222.1,223.1,229.975,213.3917,189.8708,12,22,0,0,0,0,0,0,-27839,45,0,0,0,0,0,0,0,0,0,0,0,0,0
2023/6/5,220.5,227,218.5,227,6.5,2.9478,222.6,223.4,229.025,213.8583,190.4958,33,20,0,0,0,0,0,0,-27558,281,0,0,0,0,0,0,0,0,0,0,0,0,0
2023/6/6,227,230,222,222,-5,-2.2026,222.7,223.5,227.875,214.1833,191.0667,12,20,0,0,0,0,0,0,-27757,-199,0,0,0,0,0,0,0,0,0,0,0,0,0
2023/6/7,226,226,221.5,222,0,0,222.5,223.3,227.1,214.5417,191.6333,13,18,0,0,0,0,0,0,-27436,321,0,0,0,0,0,0,0,0,0,0,0,0,0
2023/6/8,224.5,224.5,219,222,0,0,222.7,222.75,226.95,214.9333,192.175,30,20,0,0,0,0,0,0,-27640,-204,0,0,0,0,0,0,0,0,0,0,0,0,0
2023/6/9,222,222.5,220,220,-2,-0.9009,222.6,222.35,225.8,215.2583,192.6958,4,18,0,0,0,0,0,0,-27465,175,0,0,0,0,0,0,0,0,0,0,0,0,0
2023/6/12,220,221,215,218,-2,-0.9091,220.8,221.7,224.625,215.6167,193.2208,25,16,0,0,0,0,0,0,-27765,-300,0,0,0,0,0,0,0,0,0,0,0,0,0
2023/6/13,221,221,215.5,219,1,0.4587,220.2,221.45,223.75,215.9167,193.7375,5,15,0,0,0,0,0,0,-27547,218,0,0,0,0,0,0,0,0,0,0,0,0,0
2023/6/14,220,220,215,217,-2,-0.9132,219.2,220.85,222.9,216.2,194.25,13,15,0,0,0,0,0,0,-27578,-31,0,0,0,0,0,0,0,0,0,0,0,0,0
2023/6/15,215,217.5,214,215.5,-1.5,-0.6912,217.9,220.3,222.175,216.4417,194.7458,30,15,0,0,0,0,0,0,-27493,85,0,0,0,0,0,0,0,0,0,0,0,0,0
2023/6/16,216,216,213,215,-0.5,-0.232,216.9,219.75,221.425,216.7667,195.2292,37,22,0,0,0,0,0,0,-27558,-65,0,0,0,0,0,0,0,0,0,0,0,0,0
2023/6/19,215,215,211,215,0,0,216.3,218.55,220.975,217.15,195.7292,22,21,0,0,0,0,0,0,-27537,21,0,0,0,0,0,0,0,0,0,0,0,0,0
2023/6/20,215.5,224,214,224,9,4.186,217.3,218.75,221.125,217.7667,196.3167,11,22,0,0,0,0,0,0,-27680,-143,0,0,0,0,0,0,0,0,0,0,0,0,0
2023/6/21,224,224,214,220,-4,-1.7857,217.9,218.55,220.925,218.2667,196.8625,6,21,0,0,0,0,0,0,-27592,88,0,0,0,0,0,0,0,0,0,0,0,0,0
2023/6/26,224,224,214,215,-5,-2.2727,217.8,217.85,220.3,218.675,197.375,15,18,0,0,0,0,0,0,-27832,-240,0,0,0,0,0,0,0,0,0,0,0,0,0
2023/6/27,215,218,214.5,217.5,2.5,1.1628,218.3,217.6,219.975,218.9833,197.9083,12,13,0,0,0,0,0,0,-28119,-287,0,0,0,0,0,0,0,0,0,0,0,0,0
2023/6/28,217.5,218,217.5,218,0.5,0.2299,218.9,217.6,219.65,219.2917,198.4458,5,9,0,0,0,0,0,0,-27900,219,0,0,0,0,0,0,0,0,0,0,0,0,0
2023/6/29,218,222,217,220,2,0.9174,218.1,217.7,219.575,219.6833,199.0042,19,11,0,0,0,0,0,0,-27683,217,0,0,0,0,0,0,0,0,0,0,0,0,0
2023/6/30,220,224.5,219,223,3,1.3636,218.7,218.3,219.575,220.1333,199.5917,40,18,0,0,0,0,0,0,-27522,161,0,0,0,0,0,0,0,0,0,0,0,0,0
2023/7/3,223,224.5,221,223.5,0.5,0.2242,220.4,219.1,219.7,220.6167,200.1875,45,24,0,0,0,0,0,0,-27274,248,0,0,0,0,0,0,0,0,0,0,0,0,0
2023/7/4,223.5,225,221,224,0.5,0.2237,221.7,220,219.875,221.1333,200.7708,27,27,0,0,0,0,0,0,-27312,-38,0,0,0,0,0,0,0,0,0,0,0,0,0
2023/7/5,225,228.5,224,225,1,0.4464,223.1,221,219.775,221.65,201.3292,61,38,0,0,0,0,0,0,-27238,74,0,0,0,0,0,0,0,0,0,0,0,0,0
2023/7/6,217,224.5,212,219,-6,-2.6667,222.9,220.5,219.625,222.075,201.8333,39,42,0,0,0,0,0,0,-27476,-238,0,0,0,0,0,0,0,0,0,0,0,0,0
2023/7/7,220.5,220.5,214.5,220,1,0.4566,222.3,220.5,219.525,222.5167,202.3417,14,37,0,0,0,0,0,0,-27763,-287,0,0,0,0,0,0,0,0,0,0,0,0,0
2023/7/10,214,216,211.5,211.5,-8.5,-3.8636,219.9,220.15,219,222.8333,202.775,22,32,0,0,0,0,0,0,-27870,-107,0,0,0,0,0,0,0,0,0,0,0,0,0
2023/7/11,210,212.5,208,209,-2.5,-1.182,216.9,219.3,218.45,223.0833,203.1875,33,33,0,0,0,0,0,0,-27919,-49,0,0,0,0,0,0,0,0,0,0,0,0,0
2023/7/12,210,212.5,207,211,2,0.9569,214.1,218.6,218.1,223.2417,203.6208,20,25,0,0,0,0,0,0,-28213,-294,0,0,0,0,0,0,0,0,0,0,0,0,0
2023/7/13,212,212,202,207.5,-3.5,-1.6588,211.8,217.35,217.525,223.1833,204.0333,45,26,0,0,0,0,0,0,-28303,-90,0,0,0,0,0,0,0,0,0,0,0,0,0
2023/7/14,208,208,201.5,207,-0.5,-0.241,209.2,215.75,217.025,223.1833,204.4375,30,30,0,0,0,0,0,0,-28040,263,0,0,0,0,0,0,0,0,0,0,0,0,0
2023/7/17,207,209,203,206,-1,-0.4831,208.1,214,216.55,223.1917,204.825,26,30,0,0,0,0,0,0,-27900,140,0,0,0,0,0,0,0,0,0,0,0,0,0
2023/7/18,206.5,206.5,205,206.5,0.5,0.2427,207.6,212.25,216.125,223.2333,205.2125,5,25,0,0,0,0,0,0,-28328,-428,0,0,0,0,0,0,0,0,0,0,0,0,0
2023/7/19,206.5,207.5,203,207.5,1,0.4843,206.9,210.5,215.75,223.2417,205.6,16,24,0,0,0,0,0,0,-28454,-126,0,0,0,0,0,0,0,0,0,0,0,0,0
2023/7/20,207.5,211,202.5,209,1.5,0.7229,207.2,209.5,215,222.975,205.9625,50,25,0,0,0,0,0,0,-28136,318,0,0,0,0,0,0,0,0,0,0,0,0,0
2023/7/21,208.5,209.5,207.5,207.5,-1.5,-0.7177,207.3,208.25,214.375,222.8917,206.3208,6,20,0,0,0,0,0,0,-28324,-188,0,0,0,0,0,0,0,0,0,0,0,0,0
2023/7/24,210,210,205,206,-1.5,-0.7229,207.3,207.7,213.925,222.8167,206.7125,8,17,0,0,0,0,0,0,-28653,-329,0,0,0,0,0,0,0,0,0,0,0,0,0
2023/7/25,210.5,210.5,201,205,-1,-0.4854,207,207.3,213.3,222.6417,207.0875,17,19,0,0,0,0,0,0,-28317,336,0,0,0,0,0,0,0,0,0,0,0,0,0
2023/7/26,205.5,206,201,203,-2,-0.9756,206.1,206.5,212.55,222.125,207.4083,41,24,0,0,0,0,0,0,-28562,-245,0,0,0,0,0,0,0,0,0,0,0,0,0
2023/7/27,205,209,204,207,4,1.9704,205.7,206.45,211.9,221.5,207.7375,19,18,0,0,0,0,0,0,-28231,331,0,0,0,0,0,0,0,0,0,0,0,0,0
2023/7/28,204,209,201,207.5,0.5,0.2415,205.7,206.5,211.125,221,208.0458,32,23,0,0,0,0,0,0,-28216,15,0,0,0,0,0,0,0,0,0,0,0,0,0
2023/7/31,209.5,209.5,204,206.5,-1,-0.4819,205.8,206.55,210.275,220.4417,208.3208,20,25,0,0,0,0,0,0,-28387,-171,0,0,0,0,0,0,0,0,0,0,0,0,0
2023/8/1,204,209.5,201.5,204.5,-2,-0.9685,205.7,206.35,209.3,219.7167,208.55,19,26,0,0,0,0,0,0,-28511,-124,0,0,0,0,0,0,0,0,0,0,0,0,0
2023/8/2,205.5,205.5,198.5,203,-1.5,-0.7335,205.7,205.9,208.2,219,208.775,46,27,0,0,0,0,0,0,-29036,-525,0,0,0,0,0,0,0,0,0,0,0,0,0
2023/8/4,203,203,199.5,200.5,-2.5,-1.2315,204.4,205.05,207.275,218.2583,209.0042,10,25,0,0,0,0,0,0,-28735,301,0,0,0,0,0,0,0,0,0,0,0,0,0
2023/8/7,203,206,202,205,4.5,2.2444,203.9,204.8,206.525,217.7167,209.2583,28,24,0,0,0,0,0,0,-28638,97,0,0,0,0,0,0,0,0,0,0,0,0,0
2023/8/8,207,208,207,207.5,2.5,1.2195,204.1,204.95,206.325,217.425,209.5333,5,21,0,0,0,0,0,0,-28940,-302,0,0,0,0,0,0,0,0,0,0,0,0,0
2023/8/9,207,207.5,203,203,-4.5,-2.1687,203.8,204.75,206.025,216.7583,209.8083,16,21,0,0,0,0,0,0,-29184,-244,0,0,0,0,0,0,0,0,0,0,0,0,0
2023/8/10,203,203.5,200,202,-1,-0.4926,203.6,204.65,205.575,216.1,210.075,21,16,0,0,0,0,0,0,-29690,-506,0,0,0,0,0,0,0,0,0,0,0,0,0
2023/8/11,203,208,203,207,5,2.4752,204.9,204.65,205.55,215.6083,210.3875,8,15,0,0,0,0,0,0,-29739,-49,0,0,0,0,0,0,0,0,0,0,0,0,0
2023/8/14,208,208,199.5,199.5,-7.5,-3.6232,203.8,203.85,205.175,215.0333,210.6417,16,13,0,0,0,0,0,0,-30267,-528,0,0,0,0,0,0,0,0,0,0,0,0,0
2023/8/15,204.5,204.5,199.5,199.5,0,0,202.2,203.15,204.85,214.525,210.9042,5,13,0,0,0,0,0,0,-29901,366,0,0,0,0,0,0,0,0,0,0,0,0,0
2023/8/16,199.5,203,199.5,203,3.5,1.7544,202.2,203,204.675,214.075,211.1875,7,11,0,0,0,0,0,0,-29908,-7,0,0,0,0,0,0,0,0,0,0,0,0,0
2023/8/17,202,202,200,200,-3,-1.4778,201.8,202.7,204.3,213.675,211.4167,13,9,0,0,0,0,0,0,-29502,406,0,0,0,0,0,0,0,0,0,0,0,0,0
2023/8/18,203,203,198.5,202.5,2.5,1.25,200.9,202.9,203.975,213.3667,211.6375,19,12,0,0,0,0,0,0,-29850,-348,0,0,0,0,0,0,0,0,0,0,0,0,0
2023/8/21,202,202,201,202,-0.5,-0.2469,201.4,202.6,203.7,213,211.8042,4,9,0,0,0,0,0,0,-29840,10,0,0,0,0,0,0,0,0,0,0,0,0,0
2023/8/22,199,203,199,203,1,0.495,202.1,202.15,203.55,212.5917,211.85,6,9,0,0,0,0,0,0,-30117,-277,0,0,0,0,0,0,0,0,0,0,0,0,0
2023/8/23,201,203,199.5,203,0,0,202.1,202.15,203.45,212.2417,211.8708,22,12,0,0,0,0,0,0,-29986,131,0,0,0,0,0,0,0,0,0,0,0,0,0
2023/8/24,202,203,200,201,-2,-0.9852,202.3,202.05,203.35,211.85,211.8583,26,15,0,0,0,0,0,0,-30075,-89,0,0,0,0,0,0,0,0,0,0,0,0,0
2023/8/25,202,203.5,200,200,-1,-0.4975,201.8,201.35,203,211.4917,211.8542,17,15,0,0,0,0,0,0,-30035,40,0,0,0,0,0,0,0,0,0,0,0,0,0
2023/8/28,203,203,199.5,201,1,0.5,201.6,201.5,202.675,211.125,211.8583,14,17,0,0,0,0,0,0,-30334,-299,0,0,0,0,0,0,0,0,0,0,0,0,0
2023/8/29,202,202,199,200,-1,-0.4975,201,201.55,202.35,210.775,211.875,13,18,0,0,0,0,0,0,-30070,264,0,0,0,0,0,0,0,0,0,0,0,0,0
2023/8/30,199,201.5,199,201,1,0.5,200.6,201.35,202.175,210.45,211.9208,3,14,0,0,0,0,0,0,-29668,402,0,0,0,0,0,0,0,0,0,0,0,0,0
2023/8/31,202,202,201,202,1,0.4975,200.8,201.55,202.125,210.0333,211.9458,7,10,0,0,0,0,0,0,-29455,213,0,0,0,0,0,0,0,0,0,0,0,0,0
2023/9/1,202.5,203,201.5,201.5,-0.5,-0.2475,201.1,201.45,202.175,209.6917,211.9375,3,8,0,0,0,0,0,0,-29301,154,0,0,0,0,0,0,0,0,0,0,0,0,0
2023/9/4,200.5,201.5,199.5,201.5,0,0,201.2,201.4,202,209.35,211.9458,10,7,0,0,0,0,0,0,-29164,137,0,0,0,0,0,0,0,0,0,0,0,0,0
2023/9/5,210,210,202,205,3.5,1.737,202.2,201.6,201.875,209.0667,212,16,7,0,0,0,0,0,0,-28952,212,0,0,0,0,0,0,0,0,0,0,0,0,0
2023/9/6,208.5,208.5,203,208.5,3.5,1.7073,203.7,202.15,202.15,208.875,212.0667,17,10,0,0,0,0,0,0,-28977,-25,0,0,0,0,0,0,0,0,0,0,0,0,0
2023/9/7,208,218,207,211.5,3,1.4388,205.6,203.2,202.625,208.7667,212.1917,54,20,0,0,0,0,0,0,-29118,-141,0,0,0,0,0,0,0,0,0,0,0,0,0
2023/9/8,215.5,215.5,211,215.5,4,1.8913,208.4,204.75,203.05,208.7083,212.3125,5,20,0,0,0,0,0,0,-29271,-153,0,0,0,0,0,0,0,0,0,0,0,0,0
2023/9/11,216,216,208,213.5,-2,-0.9281,210.8,206,203.75,208.65,212.425,19,22,0,0,0,0,0,0,-29619,-348,0,0,0,0,0,0,0,0,0,0,0,0,0
2023/9/12,213.5,213.5,209,210,-3.5,-1.6393,211.8,207,204.275,208.5583,212.5,12,21,0,0,0,0,0,0,-29552,67,0,0,0,0,0,0,0,0,0,0,0,0,0
2023/9/13,214,214,210,211,1,0.4762,212.3,208,204.675,208.4917,212.6292,10,20,0,0,0,0,0,0,-29350,202,0,0,0,0,0,0,0,0,0,0,0,0,0
2023/9/14,214,214,211,213,2,0.9479,212.6,209.1,205.325,208.4583,212.8042,9,11,0,0,0,0,0,0,-28921,429,0,0,0,0,0,0,0,0,0,0,0,0,0
2023/9/15,214,214,210.5,213,0,0,212.1,210.25,205.85,208.275,213.0208,16,13,0,0,0,0,0,0,-29012,-91,0,0,0,0,0,0,0,0,0,0,0,0,0
2023/9/18,214,214,214,214,1,0.4695,212.2,211.5,206.45,208.175,213.2208,1,9,0,0,0,0,0,0,-29092,-80,0,0,0,0,0,0,0,0,0,0,0,0,0
2023/9/19,211,213,207,210.5,-3.5,-1.6355,212.3,212.05,206.825,208.1,213.3875,30,13,0,0,0,0,0,0,-29359,-267,0,0,0,0,0,0,0,0,0,0,0,0,0
2023/9/20,212.5,212.5,208,212,1.5,0.7126,212.5,212.4,207.275,208.0083,213.4958,7,12,0,0,0,0,0,0,-29673,-314,0,0,0,0,0,0,0,0,0,0,0,0,0
2023/9/21,212.5,212.5,209,210,-2,-0.9434,211.9,212.25,207.725,207.875,213.5833,5,11,0,0,0,0,0,0,-30101,-428,0,0,0,0,0,0,0,0,0,0,0,0,0
2023/9/22,212.5,212.5,208.5,210.5,0.5,0.2381,211.4,211.75,208.25,207.7167,213.7,3,9,0,0,0,0,0,0,-29911,190,0,0,0,0,0,0,0,0,0,0,0,0,0
2023/9/25,211,211,211,211,0.5,0.2375,210.8,211.5,208.75,207.5167,213.825,1,9,0,0,0,0,0,0,-29628,283,0,0,0,0,0,0,0,0,0,0,0,0,0
2023/9/26,209,212,208,211,0,0,210.9,211.6,209.3,207.3083,213.9625,10,5,0,0,0,0,0,0,-30014,-386,0,0,0,0,0,0,0,0,0,0,0,0,0
2023/9/27,208,211,207,208,-3,-1.4218,210.1,211.3,209.65,207.0417,214.0875,7,5,0,0,0,0,0,0,-30089,-75,0,0,0,0,0,0,0,0,0,0,0,0,0
2023/9/28,208,210,208,210,2,0.9615,210.1,211,210.05,206.7917,214.2208,6,5,0,0,0,0,0,0,-29938,151,0,0,0,0,0,0,0,0,0,0,0,0,0
2023/10/2,208,210,207,209.5,-0.5,-0.2381,209.9,210.65,210.45,206.6333,214.3542,10,6,0,0,0,0,0,0,-29680,258,0,0,0,0,0,0,0,0,0,0,0,0,0
2023/10/3,207,210,206,208,-1.5,-0.716,209.3,210.05,210.775,206.4333,214.475,18,10,0,0,0,0,0,0,-29932,-252,0,0,0,0,0,0,0,0,0,0,0,0,0
2023/10/4,204,209,204,209,1,0.4808,208.9,209.9,210.975,206.3917,214.6125,2,8,0,0,0,0,0,0,-30255,-323,0,0,0,0,0,0,0,0,0,0,0,0,0
2023/10/5,209,210,207.5,208,-1,-0.4785,208.9,209.5,210.95,206.375,214.7292,16,10,0,0,0,0,0,0,-29937,318,0,0,0,0,0,0,0,0,0,0,0,0,0
2023/10/6,210,210,207,209.5,1.5,0.7212,208.8,209.45,210.85,206.35,214.7958,2,9,0,0,0,0,0,0,-29916,21,0,0,0,0,0,0,0,0,0,0,0,0,0
2023/10/11,209.5,209.5,201,207,-2.5,-1.1933,208.3,209.1,210.425,206.3417,214.7625,6,8,0,0,0,0,0,0,-30313,-397,0,0,0,0,0,0,0,0,0,0,0,0,0
2023/10/12,207,207,203,206.5,-0.5,-0.2415,208,208.65,210.075,206.3333,214.7583,5,6,0,0,0,0,0,0,-29979,334,0,0,0,0,0,0,0,0,0,0,0,0,0
2023/10/13,202,207,201,204.5,-2,-0.9685,207.1,208,209.8,206.3083,214.75,23,10,0,0,0,0,0,0,-30125,-146,0,0,0,0,0,0,0,0,0,0,0,0,0
2023/10/16,202,205.5,200,205,0.5,0.2445,206.5,207.7,209.5,206.2833,214.7583,4,8,0,0,0,0,0,0,-30453,-328,0,0,0,0,0,0,0,0,0,0,0,0,0
2023/10/17,205.5,205.5,199,202.5,-2.5,-1.2195,205.1,206.95,208.975,206.2,214.7208,6,8,0,0,0,0,0,0,-30629,-176,0,0,0,0,0,0,0,0,0,0,0,0,0
2023/10/18,205.5,205.5,199,201,-1.5,-0.7407,203.9,206.1,208.375,206.0667,214.5208,14,10,0,0,0,0,0,0,-31089,-460,0,0,0,0,0,0,0,0,0,0,0,0,0
2023/10/19,198,202,198,202,1,0.4975,203,205.5,207.775,205.975,214.4333,8,11,0,0,0,0,0,0,-30984,105,0,0,0,0,0,0,0,0,0,0,0,0,0
2023/10/20,199,202.5,196,199,-3,-1.4851,201.9,204.5,207.2,205.8583,214.3375,24,11,0,0,0,0,0,0,-31274,-290,0,0,0,0,0,0,0,0,0,0,0,0,0
2023/10/23,201,201.5,197,200.5,1.5,0.7538,201,203.75,206.625,205.7833,214.2125,8,12,0,0,0,0,0,0,-31312,-38,0,0,0,0,0,0,0,0,0,0,0,0,0
2023/10/24,197,201,197,198.5,-2,-0.9975,200.2,202.65,206.05,205.7083,213.9167,5,11,0,0,0,0,0,0,-31011,301,0,0,0,0,0,0,0,0,0,0,0,0,0
2023/10/25,197.5,200.5,197.5,199,0.5,0.2519,199.8,201.85,205.475,205.575,213.5375,15,12,0,0,0,0,0,0,-30691,320,0,0,0,0,0,0,0,0,0,0,0,0,0
2023/10/26,197,199.5,196,197,-2,-1.005,198.8,200.9,204.775,205.4,213.2,19,14,0,0,0,0,0,0,-31130,-439,0,0,0,0,0,0,0,0,0,0,0,0,0
2023/10/27,198.5,199,196,198,1,0.5076,198.6,200.25,204.125,205.2583,212.85,12,11,0,0,0,0,0,0,-31058,72,0,0,0,0,0,0,0,0,0,0,0,0,0
2023/10/30,197,201,197,201,3,1.5152,198.7,199.85,203.775,205.2,212.4583,6,11,0,0,0,0,0,0,-30978,80,0,0,0,0,0,0,0,0,0,0,0,0,0
2023/10/31,200,200,197,197,-4,-1.99,198.4,199.3,203.125,205.1,212.05,5,11,0,0,0,0,0,0,-31453,-475,0,0,0,0,0,0,0,0,0,0,0,0,0
2023/11/1,199,200,198,199,2,1.0152,198.4,199.1,202.6,205.075,211.6667,9,10,0,0,0,0,0,0,-31280,173,0,0,0,0,0,0,0,0,0,0,0,0,0
2023/11/2,200,200,200,200,1,0.5025,199,198.9,202.2,204.9917,211.3542,2,6,0,0,0,0,0,0,-30863,417,0,0,0,0,0,0,0,0,0,0,0,0,0
2023/11/3,199.5,200,197,200,0,0,199.4,199,201.75,204.8667,211.1458,10,6,0,0,0,0,0,0,-30733,130,0,0,0,0,0,0,0,0,0,0,0,0,0
2023/11/6,200,200,196,198,-2,-1,198.8,198.75,201.25,204.7833,210.7708,14,8,0,0,0,0,0,0,-30319,414,0,0,0,0,0,0,0,0,0,0,0,0,0
2023/11/7,198,198,196,197,-1,-0.5051,198.8,198.6,200.625,204.7,210.4,7,8,0,0,0,0,0,0,-30309,10,0,0,0,0,0,0,0,0,0,0,0,0,0
2023/11/8,199.5,200,198.5,200,3,1.5228,199,198.7,200.275,204.5833,210.0958,4,7,0,0,0,0,0,0,-30270,39,0,0,0,0,0,0,0,0,0,0,0,0,0
2023/11/9,196,200,196,199.5,-0.5,-0.25,198.9,198.95,199.925,204.5833,209.8083,5,8,0,0,0,0,0,0,-30510,-240,0,0,0,0,0,0,0,0,0,0,0,0,0
2023/11/10,200,200,196,199.5,0,0,198.8,199.1,199.675,204.5833,209.5542,2,6,0,0,0,0,0,0,-30754,-244,0,0,0,0,0,0,0,0,0,0,0,0,0
2023/11/13,196,199,196,199,-0.5,-0.2506,199,198.9,199.375,204.5167,209.2958,6,4,0,0,0,0,0,0,-30841,-87,0,0,0,0,0,0,0,0,0,0,0,0,0
2023/11/14,196,196.5,183,187,-12,-6.0302,197,197.9,198.6,204.3,208.9875,94,22,0,0,0,0,0,0,-30763,78,0,0,0,0,0,0,0,0,0,0,0,0,0
2023/11/15,190,190,185,189,2,1.0695,194.8,196.9,198,204.075,208.7208,20,25,0,0,0,0,0,0,-30507,256,0,0,0,0,0,0,0,0,0,0,0,0,0
2023/11/16,189,189,185,187.5,-1.5,-0.7937,192.4,195.65,197.275,203.8333,208.4167,12,26,0,0,0,0,0,0,-30352,155,0,0,0,0,0,0,0,0,0,0,0,0,0
2023/11/17,185,187,175,178,-9.5,-5.0667,188.1,193.45,196.225,203.4167,208.0042,96,45,0,0,0,0,0,0,-30097,255,0,0,0,0,0,0,0,0,0,0,0,0,0
2023/11/20,176.5,179,174,179,1,0.5618,184.1,191.55,195.15,203.0167,207.6292,18,48,0,0,0,0,0,0,-29905,192,0,0,0,0,0,0,0,0,0,0,0,0,0
2023/11/21,180.5,181,179,181,2,1.1173,182.9,189.95,194.275,202.6833,207.2667,7,30,0,0,0,0,0,0,-29787,118,0,0,0,0,0,0,0,0,0,0,0,0,0
2023/11/22,181,181.5,179,181.5,0.5,0.2762,181.4,188.1,193.4,202.375,206.9333,5,27,0,0,0,0,0,0,-29532,255,0,0,0,0,0,0,0,0,0,0,0,0,0
2023/11/23,182,182,178.5,178.5,-3,-1.6529,179.6,186,192.475,202,206.5625,8,26,0,0,0,0,0,0,-29539,-7,0,0,0,0,0,0,0,0,0,0,0,0,0
2023/11/24,181,181.5,178,179,0.5,0.2801,179.8,183.95,191.525,201.65,206.2125,15,10,0,0,0,0,0,0,-29599,-60,0,0,0,0,0,0,0,0,0,0,0,0,0
2023/11/27,182,183,179.5,182.5,3.5,1.9553,180.5,182.3,190.6,201.3417,205.8958,8,8,0,0,0,0,0,0,-29843,-244,0,0,0,0,0,0,0,0,0,0,0,0,0
2023/11/28,183,184,181,181,-1.5,-0.8219,180.5,181.7,189.8,200.9917,205.5125,13,9,0,0,0,0,0,0,-29436,407,0,0,0,0,0,0,0,0,0,0,0,0,0
2023/11/29,181,183,180,182.5,1.5,0.8287,180.7,181.05,188.975,200.675,205.1833,13,11,0,0,0,0,0,0,-29268,168,0,0,0,0,0,0,0,0,0,0,0,0,0
2023/11/30,183,189.5,182,188.5,6,3.2877,182.7,181.15,188.4,200.4583,204.9042,38,17,0,0,0,0,0,0,-29066,202,0,0,0,0,0,0,0,0,0,0,0,0,0
2023/12/1,188,191,184,184,-4.5,-2.3873,183.7,181.75,187.6,200.1083,204.5875,38,22,0,0,0,0,0,0,-28866,200,0,0,0,0,0,0,0,0,0,0,0,0,0
2023/12/4,186.5,187,184,186,2,1.087,184.4,182.45,187,199.7333,204.3042,37,27,0,0,0,0,0,0,-28801,65,0,0,0,0,0,0,0,0,0,0,0,0,0
2023/12/5,186.5,186.5,183,186.5,0.5,0.2688,185.5,183,186.475,199.3167,204.0417,15,28,0,0,0,0,0,0,-29060,-259,0,0,0,0,0,0,0,0,0,0,0,0,0
2023/12/6,186.5,186.5,183,184.5,-2,-1.0724,185.9,183.3,185.7,198.8,203.7542,15,28,0,0,0,0,0,0,-28966,94,0,0,0,0,0,0,0,0,0,0,0,0,0
2023/12/7,185,188,183,188,3.5,1.897,185.8,184.25,185.125,198.375,203.5125,18,24,0,0,0,0,0,0,-29222,-256,0,0,0,0,0,0,0,0,0,0,0,0,0
2023/12/8,188,189,182.5,189,1,0.5319,186.8,185.25,184.6,198.025,203.2917,16,20,0,0,0,0,0,0,-29185,37,0,0,0,0,0,0,0,0,0,0,0,0,0
2023/12/11,183,186,182.5,183.5,-5.5,-2.9101,186.3,185.35,183.825,197.5667,203.0292,40,20,0,0,0,0,0,0,-29223,-38,0,0,0,0,0,0,0,0,0,0,0,0,0
2023/12/12,189,201,184,188,4.5,2.4523,186.6,186.05,183.875,197.15,202.8042,101,38,0,0,0,0,0,0,-29386,-163,0,0,0,0,0,0,0,0,0,0,0,0,0
2023/12/13,186.5,189,186,187,-1,-0.5319,187.1,186.5,183.775,196.7167,202.4958,74,49,0,0,0,0,0,0,-29350,36,0,0,0,0,0,0,0,0,0,0,0,0,0
2023/12/14,189,191.5,188,191.5,4.5,2.4064,187.8,186.8,183.975,196.3417,202.2583,67,59,0,0,0,0,0,0,-29331,19,0,0,0,0,0,0,0,0,0,0,0,0,0
2023/12/15,194,199,192.5,195.5,4,2.0888,189.1,187.95,184.85,196.0917,202.0958,92,74,0,0,0,0,0,0,-29437,-106,0,0,0,0,0,0,0,0,0,0,0,0,0
2023/12/18,196.5,206,196.5,204,8.5,4.3478,193.2,189.75,186.1,195.9583,201.9833,94,85,0,0,0,0,0,0,-29611,-174,0,0,0,0,0,0,0,0,0,0,0,0,0
2023/12/19,206,206,203,203,-1,-0.4902,196.2,191.4,187.2,195.8417,201.8583,54,76,0,0,0,0,0,0,-29940,-329,0,0,0,0,0,0,0,0,0,0,0,0,0
2023/12/20,205,205,199,200,-3,-1.4778,198.8,192.95,188.125,195.6667,201.6917,56,72,0,0,0,0,0,0,-29649,291,0,0,0,0,0,0,0,0,0,0,0,0,0
2023/12/21,200.5,200.5,195.5,197.5,-2.5,-1.25,200,193.9,189.075,195.4417,201.4792,30,65,0,0,0,0,0,0,-29859,-210,0,0,0,0,0,0,0,0,0,0,0,0,0
2023/12/22,198,200.5,196,197,-0.5,-0.2532,200.3,194.7,189.975,195.2083,201.2583,35,53,0,0,0,0,0,0,-29938,-79,0,0,0,0,0,0,0,0,0,0,0,0,0
2023/12/25,201,202,197,198,1,0.5076,199.1,196.15,190.75,195.0417,201.0417,14,37,0,0,0,0,0,0,-30156,-218,0,0,0,0,0,0,0,0,0,0,0,0,0
2023/12/26,201,202,194.5,195.5,-2.5,-1.2626,197.6,196.9,191.475,194.8,200.7958,12,29,0,0,0,0,0,0,-29816,340,0,0,0,0,0,0,0,0,0,0,0,0,0
2023/12/27,201,201,201,201,5.5,2.8133,197.8,198.3,192.4,194.6583,200.6458,1,18,0,0,0,0,0,0,-29755,61,0,0,0,0,0,0,0,0,0,0,0,0,0
2023/12/28,202,202,197,198,-3,-1.4925,197.9,198.95,192.875,194.4917,200.4625,15,15,0,0,0,0,0,0,-29875,-120,0,0,0,0,0,0,0,0,0,0,0,0,0
2023/12/29,201,201,196,199,1,0.5051,198.3,199.3,193.625,194.325,200.3583,11,10,0,0,0,0,0,0,-29827,48,0,0,0,0,0,0,0,0,0,0,0,0,0
2024/1/2,200,200,196,197,-2,-1.005,198.1,198.6,194.175,194.1417,200.2583,6,9,0,0,0,0,0,0,-29745,82,0,0,0,0,0,0,0,0,0,0,0,0,0
2024/1/3,196,199,196,198,1,0.5076,198.6,198.1,194.75,193.95,200.15,6,7,0,0,0,0,0,0,-30054,-309,0,0,0,0,0,0,0,0,0,0,0,0,0
2024/1/4,199,199,194,196,-2,-1.0101,197.6,197.7,195.325,193.7667,200.0542,39,15,0,0,0,0,0,0,-30326,-272,0,0,0,0,0,0,0,0,0,0,0,0,0
2024/1/5,195,197,195,197,1,0.5102,197.4,197.65,195.775,193.6083,199.9708,11,14,0,0,0,0,0,0,-30194,132,0,0,0,0,0,0,0,0,0,0,0,0,0
2024/1/8,198,198,194.5,195,-2,-1.0152,196.6,197.45,196.075,193.45,199.8792,35,19,0,0,0,0,0,0,-30370,-176,0,0,0,0,0,0,0,0,0,0,0,0,0
2024/1/9,198,198,197.5,197.5,2.5,1.2821,196.7,197.4,196.775,193.325,199.8042,3,18,0,0,0,0,0,0,-30769,-399,0,0,0,0,0,0,0,0,0,0,0,0,0
2024/1/10,197.5,200,197.5,199,1.5,0.7595,196.9,197.75,197.325,193.2667,199.7333,26,22,0,0,0,0,0,0,-30953,-184,0,0,0,0,0,0,0,0,0,0,0,0,0
2024/1/11,195.5,200.5,195.5,200,1,0.5025,197.7,197.65,197.975,193.25,199.6583,7,16,0,0,0,0,0,0,-30701,252,0,0,0,0,0,0,0,0,0,0,0,0,0
2024/1/12,201,201,199,200,0,0,198.3,197.85,198.4,193.2167,199.5958,44,23,0,0,0,0,0,0,-30894,-193,0,0,0,0,0,0,0,0,0,0,0,0,0
2024/1/15,202,207,201.5,206,6,3,200.5,198.55,198.925,193.3333,199.5958,31,22,0,0,0,0,0,0,-30504,390,0,0,0,0,0,0,0,0,0,0,0,0,0
2024/1/16,206,206,196,201,-5,-2.4272,201.2,198.95,198.775,193.3417,199.5625,76,36,0,0,0,0,0,0,-30781,-277,0,0,0,0,0,0,0,0,0,0,0,0,0
2024/1/17,202.5,203,199,199.5,-1.5,-0.7463,201.3,199.1,198.6,193.3583,199.5333,34,38,0,0,0,0,0,0,-31275,-494,0,0,0,0,0,0,0,0,0,0,0,0,0
2024/1/18,202,206.5,201.5,205.5,6,3.0075,202.4,200.05,198.875,193.4667,199.5208,59,48,0,0,0,0,0,0,-31344,-69,0,0,0,0,0,0,0,0,0,0,0,0,0
2024/1/19,205,217,205,215,9.5,4.6229,205.4,201.85,199.75,193.7667,199.5833,116,63,0,0,0,0,0,0,-31062,282,0,0,0,0,0,0,0,0,0,0,0,0,0
2024/1/22,212,216.5,211,212,-3,-1.3953,206.6,203.55,200.5,194,199.6292,69,70,0,0,0,0,0,0,-30750,312,0,0,0,0,0,0,0,0,0,0,0,0,0
2024/1/23,212,213,210,213,1,0.4717,209,205.1,201.25,194.2,199.7,19,59,0,0,0,0,0,0,-30623,127,0,0,0,0,0,0,0,0,0,0,0,0,0
2024/1/24,213,222.5,213,218,5,2.3474,212.7,207,202.375,194.55,199.825,111,74,0,0,0,0,0,0,-30413,210,0,0,0,0,0,0,0,0,0,0,0,0,0
2024/1/25,218,218.5,216.5,218,0,0,215.2,208.8,203.225,194.8667,199.9708,53,73,0,0,0,0,0,0,-30672,-259,0,0,0,0,0,0,0,0,0,0,0,0,0
2024/1/26,218,219,214.5,217,-1,-0.4587,215.6,210.5,204.175,195.15,200.0708,28,56,0,0,0,0,0,0,-30808,-136,0,0,0,0,0,0,0,0,0,0,0,0,0
2024/1/29,218,219.5,216,218,1,0.4608,216.8,211.7,205.125,195.45,200.1583,54,53,0,0,0,0,0,0,-30543,265,0,0,0,0,0,0,0,0,0,0,0,0,0
2024/1/30,217,219,215.5,218,0,0,217.8,213.4,206.175,195.7833,200.2833,37,56,0,0,0,0,0,0,-30728,-185,0,0,0,0,0,0,0,0,0,0,0,0,0
2024/1/31,218.5,220,216.5,217.5,-0.5,-0.2294,217.7,215.2,207.15,196.125,200.4125,93,53,0,0,0,0,0,0,-30766,-38,0,0,0,0,0,0,0,0,0,0,0,0,0
2024/2/1,217.5,219,215.5,219,1.5,0.6897,217.9,216.55,208.3,196.4417,200.5125,39,50,0,0,0,0,0,0,-30749,17,0,0,0,0,0,0,0,0,0,0,0,0,0
2024/2/2,218.5,229.5,218.5,229,10,4.5662,220.3,217.95,209.9,196.9333,200.7583,175,79,0,0,0,0,0,0,-30875,-126,0,0,0,0,0,0,0,0,0,0,0,0,0
2024/2/5,229,236,229,234.5,5.5,2.4017,223.6,220.2,211.875,197.5167,201.05,203,109,0,0,0,0,0,0,-31071,-196,0,0,0,0,0,0,0,0,0,0,0,0,0
2024/2/15,233,234,218.5,228,-6.5,-2.7719,225.6,221.7,213.4,198,201.2583,217,145,0,0,0,0,0,0,-30815,256,0,0,0,0,0,0,0,0,0,0,0,0,0
2024/2/16,228,229,216.5,217,-11,-4.8246,225.5,221.6,214.3,198.5,201.4,134,153,0,0,0,0,0,0,-30402,413,0,0,0,0,0,0,0,0,0,0,0,0,0
2024/2/19,221,221,215,218,1,0.4608,225.3,221.6,215.2,198.9833,201.5292,72,160,0,0,0,0,0,0,-30067,335,0,0,0,0,0,0,0,0,0,0,0,0,0
2024/2/20,218.5,220,215,220,2,0.9174,223.5,221.9,216.2,199.525,201.6792,80,141,0,0,0,0,0,0,-30188,-121,0,0,0,0,0,0,0,0,0,0,0,0,0
2024/2/21,220,228,217,218,-2,-0.9091,220.2,221.9,216.8,200.1917,201.8042,95,119,0,0,0,0,0,0,-30015,173,0,0,0,0,0,0,0,0,0,0,0,0,0
2024/2/22,223,231,222,224.5,6.5,2.9817,219.5,222.55,217.975,200.95,201.9833,140,104,0,0,0,0,0,0,-30047,-32,0,0,0,0,0,0,0,0,0,0,0,0,0
2024/2/23,225,229,222,224,-0.5,-0.2227,220.9,223.2,219.2,201.6667,202.175,86,94,0,0,0,0,0,0,-30239,-192,0,0,0,0,0,0,0,0,0,0,0,0,0
2024/2/26,225,225.5,222,222,-2,-0.8929,221.7,223.5,220.025,202.3417,202.3583,81,96,0,0,0,0,0,0,-30000,239,0,0,0,0,0,0,0,0,0,0,0,0,0
2024/2/27,222,224,216,217,-5,-2.2523,221.1,222.3,220.125,202.9833,202.4917,98,100,0,0,0,0,0,0,-30260,-260,0,0,0,0,0,0,0,0,0,0,0,0,0
2024/2/29,219,220.5,218,218,1,0.4608,221.1,220.65,220.425,203.6333,202.6417,46,90,0,0,0,0,0,0,-29989,271,0,0,0,0,0,0,0,0,0,0,0,0,0
2024/3/1,219.5,219.5,213,214,-4,-1.8349,219,219.25,220.475,204.1583,202.75,122,86,0,0,0,0,0,0,-30038,-49,0,0,0,0,0,0,0,0,0,0,0,0,0
2024/3/4,216,217,212,214,0,0,217,218.95,220.275,204.7083,202.85,68,83,0,0,0,0,0,0,-29986,52,0,0,0,0,0,0,0,0,0,0,0,0,0
2024/3/5,216,222,213,221,7,3.271,216.8,219.25,220.425,205.35,203.0125,151,97,0,0,0,0,0,0,-29921,65,0,0,0,0,0,0,0,0,0,0,0,0,0
2024/3/6,221,224.5,216,217,-4,-1.81,216.8,218.95,220.425,205.825,203.1417,127,102,0,0,0,0,0,0,-29857,64,0,0,0,0,0,0,0,0,0,0,0,0,0
2024/3/7,216,224,212,212,-5,-2.3041,215.6,218.35,220.125,206.2917,203.2,257,145,0,0,0,0,0,0,-30204,-347,0,0,0,0,0,0,0,0,0,0,0,0,0
2024/3/8,210,210,192.5,198,-14,-6.6038,212.4,215.7,219.125,206.4917,203.1125,831,286,0,0,0,0,0,0,-30766,-562,13,3,1,0,0,0,0,0,0,13,3,1,0
2024/3/11,195,198,191.5,191.5,-6.5,-3.2828,207.9,212.45,217.825,206.575,202.9458,211,315,0,0,0,0,0,0,-30581,185,17,6,3,0,0,0,0,0,0,17,6,3,0
2024/3/12,193,194.5,186,190.5,-1,-0.5222,201.8,209.3,216.4,206.675,202.7375,167,318,0,0,0,0,0,0,-30218,363,34,13,7,0,0,0,0,0,0,34,13,7,0
2024/3/13,190,190.5,186,186.5,-4,-2.0997,195.7,206.25,214.275,206.65,202.5125,121,317,0,0,0,0,0,0,-30624,-406,41,21,11,0,0,0,0,0,0,41,21,11,0
2024/3/14,186.5,188,185,187.5,1,0.5362,190.8,203.2,211.925,206.625,202.325,77,281,0,0,0,0,0,0,-30755,-131,38,29,15,0,0,0,0,0,0,38,29,15,0
2024/3/15,185,190,185,187.5,0,0,188.7,200.55,209.9,206.6917,202.1292,56,126,0,0,0,0,0,0,-31022,-267,32,33,18,0,0,0,0,0,0,32,33,18,0
2024/3/18,187.5,187.5,179.5,183,-4.5,-2.4,187,197.45,208.2,206.6083,201.8792,280,140,0,0,0,0,0,0,-30810,212,15,32,19,0,0,0,2,0,0,17,33,19,0
2024/3/19,180.5,184,180,184,1,0.5464,185.7,193.75,206.5,206.5583,201.6375,76,122,0,0,0,0,0,0,-30744,66,7,27,20,0,0,0,1,1,0,8,28,20,0
2024/3/20,184,184,179,183.5,-0.5,-0.2717,185.1,190.4,204.675,206.425,201.3833,211,140,0,0,0,0,0,0,-30864,-120,0,19,20,0,0,0,0,1,0,0,19,20,0
2024/3/21,181,183.5,180,182,-1.5,-0.8174,184,187.4,202.875,206.2,201.1458,77,140,0,0,0,0,0,0,-30644,220,0,11,20,0,0,0,0,1,0,0,12,20,0
2024/3/22,182,182,178.5,182,0,0,182.9,185.8,200.75,205.8333,200.8958,79,144,0,0,0,0,0,0,-30654,-10,0,4,19,0,0,0,0,1,0,0,5,19,0
2024/3/25,180.5,181.5,179.5,181,-1,-0.5495,182.5,184.75,198.6,205.4667,200.6542,42,97,0,0,0,0,0,0,-30441,213,3,2,17,0,0,0,0,0,0,3,2,18,0
2024/3/26,180,181,178.5,181,0,0,181.9,183.8,196.55,205.15,200.4083,65,94,0,0,0,0,0,0,-30864,-423,0,1,14,0,0,0,0,0,0,0,1,14,0
2024/3/27,180.5,181,179,181,0,0,181.4,183.25,194.75,204.875,200.1583,40,60,0,0,0,0,0,0,-30555,309,0,1,10,0,0,0,0,0,0,0,1,10,0
2024/3/28,181,181,179.5,180.5,-0.5,-0.2762,181.1,182.55,192.875,204.6,199.9042,25,50,0,0,0,0,0,0,-30585,-30,0,1,6,0,0,0,0,0,0,0,1,6,0
2024/3/29,179,180.5,179,179,-1.5,-0.831,180.5,181.7,191.125,204.2833,199.6625,40,42,0,0,0,0,0,0,-30694,-109,0,1,2,0,0,0,0,0,0,0,1,3,0
2024/4/1,178.5,181.5,178.5,181.5,2.5,1.3966,180.6,181.55,189.5,204.05,199.425,46,43,0,0,0,0,0,0,-30341,353,18,4,3,0,0,0,0,0,0,18,4,3,0
2024/4/2,181.5,181.5,180.5,181,-0.5,-0.2755,180.6,181.25,187.5,203.7167,199.1875,24,35,0,0,0,0,0,0,-30409,-68,21,8,4,0,0,0,0,0,0,21,8,4,0
2024/4/3,180.5,180.5,179,179.5,-1.5,-0.8287,180.3,180.85,185.625,203.4083,198.95,62,39,0,0,0,0,0,0,-30538,-129,21,12,6,0,0,0,0,0,0,21,12,6,0
2024/4/8,179.5,180,178.5,180,0.5,0.2786,180.2,180.65,184.025,203.0917,198.7083,46,43,0,0,0,0,0,0,-30417,121,16,15,8,0,0,0,0,0,0,16,15,8,0
2024/4/9,179.5,180,177,179.5,-0.5,-0.2778,180.3,180.4,183.1,202.8,198.4708,54,46,0,0,0,0,0,0,-30378,39,7,17,9,0,0,0,0,0,0,7,17,9,0
2024/4/10,178.5,179.5,177.5,178,-1.5,-0.8357,179.6,180.1,182.425,202.4667,198.2083,25,42,0,0,0,0,0,0,-30247,131,2,13,8,0,0,0,0,0,0,2,13,8,0
2024/4/11,174,177,173.5,175.5,-2.5,-1.4045,178.5,179.55,181.675,202.125,197.9458,49,47,0,0,0,0,0,0,-30492,-245,2,10,9,0,0,0,0,0,0,2,10,9,0
2024/4/12,174,179.5,172,179.5,4,2.2792,178.5,179.4,181.325,201.8333,197.7208,135,61,0,0,0,0,0,0,-30435,57,8,7,9,0,0,0,0,0,0,8,7,9,0
2024/4/15,175,176,174,175,-4.5,-2.507,177.5,178.85,180.7,201.5,197.475,27,58,0,0,0,0,0,0,-30866,-431,7,5,10,0,0,0,0,0,0,7,5,10,0
2024/4/16,175,175,172,172.5,-2.5,-1.4286,176.1,178.2,179.95,201.0833,197.2042,46,56,0,0,0,0,0,0,-31535,-669,4,5,11,0,0,0,0,0,0,4,5,11,0
