日期,開盤,最高,最低,收盤,漲跌,漲跌%,均價5,均價10,均價20,均價60,均價120,成交量,均量5,融資張數,均量5,均量10,融券張數,均量5,均量10,騰落指標,漲跌家數,外資庫存,均量5,均量10,投信庫存,均量5,均量10,自營商庫存,均量5,均量10,法人庫存,均量5,均量10,未平倉量
2021/12/28,63,85.6,60,80.3,0,0,,,,,,2004,,0,,,0,,,-24113,-24113,0,,,0,,,0,,,0,,,0
2021/12/29,79.7,81,76.8,77.7,-2.6,-3.2379,,,,,,524,,0,,,0,,,-23728,385,0,,,0,,,0,,,0,,,0
2021/12/30,78.9,79.5,71,71.5,-6.2,-7.9794,,,,,,761,,0,,,0,,,-23804,-76,0,,,0,,,0,,,0,,,0
2022/1/3,71.5,73.9,64.7,68.2,-3.3,-4.6154,,,,,,920,,0,,,0,,,-24081,-277,0,,,0,,,0,,,0,,,0
2022/1/4,68.9,73.9,68.9,73.8,5.6,8.2111,74.3,,,,,325,906,0,0,,0,0,,-24137,-56,0,0,,0,0,,0,0,,0,0,,0
2022/1/5,73.6,78.6,73.6,77.7,3.9,5.2846,73.78,,,,,529,611,0,0,,0,0,,-24387,-250,0,0,,0,0,,0,0,,0,0,,0
2022/1/6,78,81.1,77.7,80.5,2.8,3.6036,74.34,,,,,387,584,0,0,,0,0,,-24628,-241,0,0,,0,0,,0,0,,0,0,,0
2022/1/7,80.5,80.5,76.1,79.3,-1.2,-1.4907,75.9,,,,,269,486,0,0,,0,0,,-25094,-466,0,0,,0,0,,0,0,,0,0,,0
2022/1/10,78,80.7,77,79.3,0,0,78.12,,,,,134,328,0,0,,0,0,,-24952,142,0,0,,0,0,,0,0,,0,0,,0
2022/1/11,79,79.7,79,79,-0.3,-0.3783,79.16,76.73,,,,170,297,0,0,0,0,0,0,-25368,-416,0,0,0,0,0,0,0,0,0,0,0,0,0
2022/1/12,79.1,79.9,78.8,79.9,0.9,1.1392,79.6,76.69,,,,143,220,0,0,0,0,0,0,-25385,-17,0,0,0,0,0,0,0,0,0,0,0,0,0
2022/1/13,79.3,80,79.3,80,0.1,0.1252,79.5,76.92,,,,296,202,0,0,0,0,0,0,-25395,-10,0,0,0,0,0,0,0,0,0,0,0,0,0
2022/1/14,80.4,80.4,79.2,79.4,-0.6,-0.75,79.52,77.71,,,,459,240,0,0,0,0,0,0,-26047,-652,0,0,0,0,0,0,0,0,0,0,0,0,0
2022/1/17,79.5,80.2,78.7,79,-0.4,-0.5038,79.46,78.79,,,,31,219,0,0,0,0,0,0,-25771,276,0,0,0,0,0,0,0,0,0,0,0,0,0
2022/1/18,79.8,79.8,79,79.4,0.4,0.5063,79.54,79.35,,,,37,193,0,0,0,0,0,0,-25752,19,0,0,0,0,0,0,0,0,0,0,0,0,0
2022/1/19,78.5,79.8,78.5,79.5,0.1,0.1259,79.46,79.53,,,,44,173,0,0,0,0,0,0,-26114,-362,0,0,0,0,0,0,0,0,0,0,0,0,0
2022/1/20,79,79.6,78.7,79.3,-0.2,-0.2516,79.32,79.41,,,,56,125,0,0,0,0,0,0,-25885,229,0,0,0,0,0,0,0,0,0,0,0,0,0
2022/1/21,79.6,80.1,79,80.1,0.8,1.0088,79.46,79.49,,,,190,71,0,0,0,0,0,0,-26689,-804,0,0,0,0,0,0,0,0,0,0,0,0,0
2022/1/24,79.6,81.3,79.3,81.1,1,1.2484,79.88,79.67,,,,233,112,0,0,0,0,0,0,-27001,-312,0,0,0,0,0,0,0,0,0,0,0,0,0
2022/1/25,81.4,83.1,80.7,82.7,1.6,1.9729,80.54,80.04,78.385,,,170,138,0,0,0,0,0,0,-27743,-742,0,0,0,0,0,0,0,0,0,0,0,0,0
2022/1/26,82.3,88.9,82.3,87.6,4.9,5.925,82.16,80.81,78.75,,,379,205,0,0,0,0,0,0,-27543,200,0,0,0,0,0,0,0,0,0,0,0,0,0
2022/2/7,87.6,94.7,87.3,94,6.4,7.3059,85.1,82.21,79.565,,,342,262,0,0,0,0,0,0,-26779,764,0,0,0,0,0,0,0,0,0,0,0,0,0
2022/2/8,94.5,104,94.3,101.5,7.5,7.9787,89.38,84.42,81.065,,,319,288,0,0,0,0,0,0,-26159,620,0,0,0,0,0,0,0,0,0,0,0,0,0
2022/2/9,101.5,103.5,98.7,99.5,-2,-1.9704,93.06,86.47,82.63,,,259,293,0,0,0,0,0,0,-25575,584,0,0,0,0,0,0,0,0,0,0,0,0,0
2022/2/10,98.6,99.8,97.6,98.5,-1,-1.005,96.22,88.38,83.865,,,184,296,0,0,0,0,0,0,-25637,-62,0,0,0,0,0,0,0,0,0,0,0,0,0
2022/2/11,97.1,98.8,97,98.7,0.2,0.203,98.44,90.3,84.915,,,74,235,0,0,0,0,0,0,-25885,-248,0,0,0,0,0,0,0,0,0,0,0,0,0
2022/2/14,98.7,98.7,88.5,94.4,-4.3,-4.3566,98.52,91.81,85.61,,,215,210,0,0,0,0,0,0,-26567,-682,0,0,0,0,0,0,0,0,0,0,0,0,0
2022/2/15,93.1,96.4,93.1,94.8,0.4,0.4237,97.18,93.28,86.385,,,43,155,0,0,0,0,0,0,-26625,-58,0,0,0,0,0,0,0,0,0,0,0,0,0
2022/2/16,95,96.3,95,95.6,0.8,0.8439,96.4,94.73,87.2,,,38,110,0,0,0,0,0,0,-25948,677,0,0,0,0,0,0,0,0,0,0,0,0,0
2022/2/17,95,95.3,94,94.7,-0.9,-0.9414,95.64,95.93,87.985,,,34,80,0,0,0,0,0,0,-25905,43,0,0,0,0,0,0,0,0,0,0,0,0,0
2022/2/18,94.2,94.8,93.7,93.9,-0.8,-0.8448,94.68,96.56,88.685,,,25,71,0,0,0,0,0,0,-25668,237,0,0,0,0,0,0,0,0,0,0,0,0,0
2022/2/21,93.6,95.3,93.6,94,0.1,0.1065,94.6,96.56,89.385,,,26,33,0,0,0,0,0,0,-25593,75,0,0,0,0,0,0,0,0,0,0,0,0,0
2022/2/22,95,95,93.7,94,0,0,94.44,95.81,90.115,,,36,31,0,0,0,0,0,0,-26385,-792,0,0,0,0,0,0,0,0,0,0,0,0,0
2022/2/23,93.7,93.7,90.1,93.5,-0.5,-0.5319,94.02,95.21,90.84,,,60,36,0,0,0,0,0,0,-25840,545,0,0,0,0,0,0,0,0,0,0,0,0,0
2022/2/24,91.5,92.3,89.6,91.4,-2.1,-2.246,93.36,94.5,91.44,,,120,53,0,0,0,0,0,0,-26672,-832,0,0,0,0,0,0,0,0,0,0,0,0,0
2022/2/25,91.5,91.7,90.4,91.7,0.3,0.3282,92.92,93.8,92.05,,,35,55,0,0,0,0,0,0,-26321,351,0,0,0,0,0,0,0,0,0,0,0,0,0
2022/3/1,91.8,92.5,90.9,91.5,-0.2,-0.2181,92.42,93.51,92.66,,,61,62,0,0,0,0,0,0,-25614,707,0,0,0,0,0,0,0,0,0,0,0,0,0
2022/3/2,92,92.4,91.8,92.4,0.9,0.9836,92.1,93.27,93.275,,,29,61,0,0,0,0,0,0,-25513,101,0,0,0,0,0,0,0,0,0,0,0,0,0
2022/3/3,91.7,92.4,90,92.2,-0.2,-0.2165,91.84,92.93,93.83,,,47,58,0,0,0,0,0,0,-25385,128,0,0,0,0,0,0,0,0,0,0,0,0,0
2022/3/4,92.2,92.2,91.1,91.9,-0.3,-0.3254,91.94,92.65,94.29,,,29,40,0,0,0,0,0,0,-25915,-530,0,0,0,0,0,0,0,0,0,0,0,0,0
2022/3/7,90,90.5,89.4,90.3,-1.6,-1.741,91.66,92.29,94.425,,,59,45,0,0,0,0,0,0,-26769,-854,0,0,0,0,0,0,0,0,0,0,0,0,0
2022/3/8,90.2,90.2,89.7,90.2,-0.1,-0.1107,91.4,91.91,94.235,,,9,34,0,0,0,0,0,0,-27547,-778,0,0,0,0,0,0,0,0,0,0,0,0,0
2022/3/9,90.3,90.3,90,90.3,0.1,0.1109,90.98,91.54,93.675,,,11,31,0,0,0,0,0,0,-26881,666,0,0,0,0,0,0,0,0,0,0,0,0,0
2022/3/10,90,91.4,90,90.4,0.1,0.1107,90.62,91.23,93.22,,,60,33,0,0,0,0,0,0,-26110,771,0,0,0,0,0,0,0,0,0,0,0,0,0
2022/3/11,91,91.5,90,90.5,0.1,0.1106,90.34,91.14,92.82,,,116,51,0,0,0,0,0,0,-26487,-377,0,0,0,0,0,0,0,0,0,0,0,0,0
2022/3/14,91.3,91.3,89.6,90,-0.5,-0.5525,90.28,90.97,92.385,,,29,45,0,0,0,0,0,0,-26366,121,0,0,0,0,0,0,0,0,0,0,0,0,0
2022/3/15,90.3,90.3,89,90,0,0,90.24,90.82,92.165,,,29,49,0,0,0,0,0,0,-27088,-722,0,0,0,0,0,0,0,0,0,0,0,0,0
2022/3/16,89.7,92,89.1,92,2,2.2222,90.58,90.78,92.025,,,75,61,0,0,0,0,0,0,-26929,159,0,0,0,0,0,0,0,0,0,0,0,0,0
2022/3/17,90,91.9,89.7,91.5,-0.5,-0.5435,90.8,90.71,91.82,,,110,71,0,0,0,0,0,0,-26082,847,0,0,0,0,0,0,0,0,0,0,0,0,0
2022/3/18,91,94.5,89.7,94.5,3,3.2787,91.6,90.97,91.81,,,58,60,0,0,0,0,0,0,-25890,192,0,0,0,0,0,0,0,0,0,0,0,0,0
2022/3/21,94.5,94.5,92.1,93.4,-1.1,-1.164,92.28,91.28,91.785,,,66,67,0,0,0,0,0,0,-25537,353,0,0,0,0,0,0,0,0,0,0,0,0,0
2022/3/22,95,95,91.8,92.9,-0.5,-0.5353,92.86,91.55,91.73,,,79,77,0,0,0,0,0,0,-25286,251,0,0,0,0,0,0,0,0,0,0,0,0,0
2022/3/23,93.3,93.3,89.8,90.4,-2.5,-2.6911,92.54,91.56,91.55,,,60,74,0,0,0,0,0,0,-25045,241,0,0,0,0,0,0,0,0,0,0,0,0,0
2022/3/24,90,92.9,89.1,92.9,2.5,2.7655,92.82,91.81,91.52,,,10,54,0,0,0,0,0,0,-25135,-90,0,0,0,0,0,0,0,0,0,0,0,0,0
2022/3/25,89.7,90.3,86.9,90.3,-2.6,-2.7987,91.98,91.79,91.465,,,67,56,0,0,0,0,0,0,-25467,-332,0,0,0,0,0,0,0,0,0,0,0,0,0
2022/3/28,88.8,90.4,88.8,90.4,0.1,0.1107,91.38,91.83,91.4,,,70,57,0,0,0,0,0,0,-25674,-207,0,0,0,0,0,0,0,0,0,0,0,0,0
2022/3/29,90.3,90.9,89.8,90.9,0.5,0.5531,90.98,91.92,91.37,,,19,45,0,0,0,0,0,0,-25681,-7,0,0,0,0,0,0,0,0,0,0,0,0,0
2022/3/30,91,92.3,91,91.8,0.9,0.9901,91.26,91.9,91.34,,,37,40,0,0,0,0,0,0,-25236,445,0,0,0,0,0,0,0,0,0,0,0,0,0
2022/3/31,92.3,96.5,92,96.5,4.7,5.1198,91.98,92.4,91.555,,,47,48,0,0,0,0,0,0,-25573,-337,0,0,0,0,0,0,0,0,0,0,0,0,0
2022/4/1,93,93,91.5,92.1,-4.4,-4.5596,92.34,92.16,91.565,88.08,,41,42,0,0,0,0,0,0,-25793,-220,0,0,0,0,0,0,0,0,0,0,0,0,0
2022/4/6,92.1,92.3,91.4,92.3,0.2,0.2172,92.72,92.05,91.665,88.28,,82,45,0,0,0,0,0,0,-25821,-28,0,0,0,0,0,0,0,0,0,0,0,0,0
2022/4/7,91.5,91.8,89.8,90.6,-1.7,-1.8418,92.66,91.82,91.685,88.495,,60,53,0,0,0,0,0,0,-26503,-682,0,0,0,0,0,0,0,0,0,0,0,0,0
2022/4/8,89.6,90.5,89.1,90,-0.6,-0.6623,92.3,91.78,91.67,88.8033,,26,51,0,0,0,0,0,0,-26056,447,0,0,0,0,0,0,0,0,0,0,0,0,0
2022/4/11,89.1,90,89.1,90,0,0,91,91.49,91.65,89.1667,,6,43,0,0,0,0,0,0,-26616,-560,0,0,0,0,0,0,0,0,0,0,0,0,0
2022/4/12,91.5,91.5,89.1,91,1,1.1111,90.78,91.56,91.675,89.4533,,23,39,0,0,0,0,0,0,-26850,-234,0,0,0,0,0,0,0,0,0,0,0,0,0
2022/4/13,90,90.3,89.5,90,-1,-1.0989,90.32,91.52,91.675,89.6583,,13,25,0,0,0,0,0,0,-26199,651,0,0,0,0,0,0,0,0,0,0,0,0,0
2022/4/14,90.3,90.3,89.5,90.2,0.2,0.2222,90.24,91.45,91.685,89.82,,28,19,0,0,0,0,0,0,-26270,-71,0,0,0,0,0,0,0,0,0,0,0,0,0
2022/4/15,90.2,90.2,89.2,89.9,-0.3,-0.3326,90.22,91.26,91.58,89.9967,,26,19,0,0,0,0,0,0,-26769,-499,0,0,0,0,0,0,0,0,0,0,0,0,0
2022/4/18,90.8,90.8,89.1,90.3,0.4,0.4449,90.28,90.64,91.52,90.18,,120,42,0,0,0,0,0,0,-27159,-390,0,0,0,0,0,0,0,0,0,0,0,0,0
2022/4/19,91,91,89.5,90,-0.3,-0.3322,90.08,90.43,91.295,90.3633,,39,45,0,0,0,0,0,0,-26723,436,0,0,0,0,0,0,0,0,0,0,0,0,0
2022/4/20,90.3,90.3,89.1,90.2,0.2,0.2222,90.12,90.22,91.135,90.535,,18,46,0,0,0,0,0,0,-26479,244,0,0,0,0,0,0,0,0,0,0,0,0,0
2022/4/21,90.9,90.9,89.3,90,-0.2,-0.2217,90.08,90.16,90.99,90.7017,,10,42,0,0,0,0,0,0,-26373,106,0,0,0,0,0,0,0,0,0,0,0,0,0
2022/4/22,90.3,90.6,89,90,0,0,90.1,90.16,90.97,90.8783,,27,42,0,0,0,0,0,0,-26659,-286,0,0,0,0,0,0,0,0,0,0,0,0,0
2022/4/25,87.4,90,87.1,89.5,-0.5,-0.5556,89.94,90.11,90.8,91.0533,,48,28,0,0,0,0,0,0,-27518,-859,0,0,0,0,0,0,0,0,0,0,0,0,0
2022/4/26,88.3,90.5,86.9,89,-0.5,-0.5587,89.74,89.91,90.735,91.2133,,160,52,0,0,0,0,0,0,-27496,22,0,0,0,0,0,0,0,0,0,0,0,0,0
2022/4/27,89,89.9,86.5,89.5,0.5,0.5618,89.6,89.86,90.69,91.38,,84,65,0,0,0,0,0,0,-28205,-709,0,0,0,0,0,0,0,0,0,0,0,0,0
2022/4/28,88.6,90,88.6,90,0.5,0.5587,89.6,89.84,90.645,91.5583,,62,76,0,0,0,0,0,0,-27863,342,0,0,0,0,0,0,0,0,0,0,0,0,0
2022/4/29,89.5,93,88.6,93,3,3.3333,90.2,90.15,90.705,91.7733,,76,86,0,0,0,0,0,0,-27537,326,0,0,0,0,0,0,0,0,0,0,0,0,0
2022/5/3,91.5,91.5,87.1,90.5,-2.5,-2.6882,90.4,90.17,90.405,91.93,,59,88,0,0,0,0,0,0,-27656,-119,0,0,0,0,0,0,0,0,0,0,0,0,0
2022/5/4,88.5,92.9,87.4,91.7,1.2,1.326,90.94,90.34,90.385,92.08,,122,80,0,0,0,0,0,0,-27580,76,0,0,0,0,0,0,0,0,0,0,0,0,0
2022/5/5,88.5,90.9,87.4,88.6,-3.1,-3.3806,90.76,90.18,90.2,92.0967,,103,84,0,0,0,0,0,0,-27111,469,0,0,0,0,0,0,0,0,0,0,0,0,0
2022/5/6,87.1,89.9,87.1,89.8,1.2,1.3544,90.72,90.16,90.16,92.0267,,50,82,0,0,0,0,0,0,-27763,-652,0,0,0,0,0,0,0,0,0,0,0,0,0
2022/5/9,89.8,90.2,86.1,88.7,-1.1,-1.2249,89.86,90.03,90.095,91.8133,,119,90,0,0,0,0,0,0,-28585,-822,0,0,0,0,0,0,0,0,0,0,0,0,0
2022/5/10,89,89,85.1,87.7,-1,-1.1274,89.3,89.85,89.98,91.6167,,164,111,0,0,0,0,0,0,-28407,178,0,0,0,0,0,0,0,0,0,0,0,0,0
2022/5/11,87.7,90.6,85.3,86.7,-1,-1.1403,88.3,89.62,89.765,91.42,,89,105,0,0,0,0,0,0,-28820,-413,0,0,0,0,0,0,0,0,0,0,0,0,0
2022/5/12,90,90,86.2,87.3,0.6,0.692,88.04,89.4,89.63,91.23,,52,94,0,0,0,0,0,0,-29609,-789,0,0,0,0,0,0,0,0,0,0,0,0,0
2022/5/13,88.8,88.8,86,87.3,0,0,87.54,89.13,89.485,91.1117,,40,92,0,0,0,0,0,0,-28933,676,0,0,0,0,0,0,0,0,0,0,0,0,0
2022/5/16,88.3,88.3,85.9,86,-1.3,-1.4891,87,88.43,89.29,90.965,,16,72,0,0,0,0,0,0,-28732,201,0,0,0,0,0,0,0,0,0,0,0,0,0
2022/5/17,85.7,86,85,85.7,-0.3,-0.3488,86.6,87.95,89.06,90.8,,47,48,0,0,0,0,0,0,-28179,553,0,0,0,0,0,0,0,0,0,0,0,0,0
2022/5/18,85.7,86.3,85,86,0.3,0.3501,86.46,87.38,88.86,90.655,,28,36,0,0,0,0,0,0,-27656,523,0,0,0,0,0,0,0,0,0,0,0,0,0
2022/5/19,85.8,85.8,85.8,85.8,-0.2,-0.2326,86.16,87.1,88.64,90.52,,3,26,0,0,0,0,0,0,-28155,-499,0,0,0,0,0,0,0,0,0,0,0,0,0
2022/5/20,86,86,86,86,0.2,0.2331,85.9,86.72,88.44,90.3867,,4,19,0,0,0,0,0,0,-27789,366,0,0,0,0,0,0,0,0,0,0,0,0,0
2022/5/23,84.1,85,83.8,84.7,-1.3,-1.5116,85.64,86.32,88.175,90.2317,,13,19,0,0,0,0,0,0,-27614,175,0,0,0,0,0,0,0,0,0,0,0,0,0
2022/5/24,83.6,83.6,82.1,83.4,-1.3,-1.5348,85.18,85.89,87.87,90.0633,,19,13,0,0,0,0,0,0,-28176,-562,0,0,0,0,0,0,0,0,0,0,0,0,0
2022/5/25,83.5,83.5,81.7,82.5,-0.9,-1.0791,84.48,85.47,87.545,89.915,,26,13,0,0,0,0,0,0,-27590,586,0,0,0,0,0,0,0,0,0,0,0,0,0
2022/5/26,82,82.3,81,82.3,-0.2,-0.2424,83.78,84.97,87.185,89.7583,,29,18,0,0,0,0,0,0,-27786,-196,0,0,0,0,0,0,0,0,0,0,0,0,0
2022/5/27,80,82.5,80,82.3,0,0,83.04,84.47,86.8,89.605,,32,23,0,0,0,0,0,0,-27226,560,0,0,0,0,0,0,0,0,0,0,0,0,0
2022/5/30,82.3,82.3,80.5,81.7,-0.6,-0.729,82.44,84.04,86.235,89.4267,,25,26,0,0,0,0,0,0,-26552,674,0,0,0,0,0,0,0,0,0,0,0,0,0
2022/5/31,81,84,79.7,84,2.3,2.8152,82.56,83.87,85.91,89.29,,25,27,0,0,0,0,0,0,-26446,106,0,0,0,0,0,0,0,0,0,0,0,0,0
2022/6/1,79.1,81,79.1,80.9,-3.1,-3.6905,82.24,83.36,85.37,89.1067,,26,27,0,0,0,0,0,0,-26298,148,0,0,0,0,0,0,0,0,0,0,0,0,0
2022/6/2,79.2,80.4,79,80.4,-0.5,-0.618,81.86,82.82,84.96,88.9417,,36,28,0,0,0,0,0,0,-26472,-174,0,0,0,0,0,0,0,0,0,0,0,0,0
2022/6/6,80,80,79.1,79.5,-0.9,-1.1194,81.3,82.17,84.445,88.7633,,41,30,0,0,0,0,0,0,-26377,95,0,0,0,0,0,0,0,0,0,0,0,0,0
2022/6/7,79.3,80.5,79.2,80.2,0.7,0.8805,81,81.72,84.02,88.595,,33,32,0,0,0,0,0,0,-26543,-166,0,0,0,0,0,0,0,0,0,0,0,0,0
2022/6/8,81,81.3,79.5,81.3,1.1,1.3716,80.46,81.51,83.7,88.4433,,6,28,0,0,0,0,0,0,-26326,217,0,0,0,0,0,0,0,0,0,0,0,0,0
2022/6/9,79.5,82,79.5,81,-0.3,-0.369,80.48,81.36,83.415,88.285,,20,27,0,0,0,0,0,0,-26258,68,0,0,0,0,0,0,0,0,0,0,0,0,0
2022/6/10,80,82.2,80,82.2,1.2,1.4815,80.84,81.35,83.16,88.155,,5,21,0,0,0,0,0,0,-26482,-224,0,0,0,0,0,0,0,0,0,0,0,0,0
2022/6/13,79,82.1,78.2,82.1,-0.1,-0.1217,81.36,81.33,82.9,88.0233,,1,13,0,0,0,0,0,0,-27292,-810,0,0,0,0,0,0,0,0,0,0,0,0,0
2022/6/14,82,82,78.2,81.3,-0.8,-0.9744,81.58,81.29,82.665,87.845,,5,7,0,0,0,0,0,0,-27548,-256,0,0,0,0,0,0,0,0,0,0,0,0,0
2022/6/15,81.9,82,78.8,82,0.7,0.861,81.72,81.09,82.48,87.6867,,3,6,0,0,0,0,0,0,-27202,346,0,0,0,0,0,0,0,0,0,0,0,0,0
2022/6/16,78.8,82.3,78.8,81.1,-0.9,-1.0976,81.74,81.11,82.235,87.4633,,13,5,0,0,0,0,0,0,-27886,-684,0,0,0,0,0,0,0,0,0,0,0,0,0
2022/6/17,82,82,79.2,81.9,0.8,0.9864,81.68,81.26,82.04,87.2717,,5,5,0,0,0,0,0,0,-28328,-442,0,0,0,0,0,0,0,0,0,0,0,0,0
2022/6/20,81.9,81.9,78.6,80.2,-1.7,-2.0757,81.3,81.33,81.75,87.06,,21,9,0,0,0,0,0,0,-29150,-822,0,0,0,0,0,0,0,0,0,0,0,0,0
2022/6/21,80.9,81,79.7,80.8,0.6,0.7481,81.2,81.39,81.555,86.9,,9,10,0,0,0,0,0,0,-28248,902,0,0,0,0,0,0,0,0,0,0,0,0,0
2022/6/22,80.3,80.3,78.6,79.9,-0.9,-1.1139,80.78,81.25,81.38,86.6833,,37,17,0,0,0,0,0,0,-29029,-781,0,0,0,0,0,0,0,0,0,0,0,0,0
2022/6/23,80,80,78.5,79.8,-0.1,-0.1252,80.52,81.13,81.245,86.5083,,17,17,0,0,0,0,0,0,-28903,126,0,0,0,0,0,0,0,0,0,0,0,0,0
2022/6/24,78.5,80,78.4,79.6,-0.2,-0.2506,80.06,80.87,81.11,86.3283,,33,23,0,0,0,0,0,0,-28289,614,0,0,0,0,0,0,0,0,0,0,0,0,0
2022/6/27,79.7,80,78.4,80,0.4,0.5025,80.02,80.66,80.995,86.1467,,8,20,0,0,0,0,0,0,-27527,762,0,0,0,0,0,0,0,0,0,0,0,0,0
2022/6/28,80,80,79.1,80,0,0,79.86,80.53,80.91,85.95,,14,21,0,0,0,0,0,0,-28009,-482,0,0,0,0,0,0,0,0,0,0,0,0,0
2022/6/29,79.1,80.1,78.1,78.6,-1.4,-1.75,79.6,80.19,80.64,85.6517,,20,18,0,0,0,0,0,0,-28336,-327,0,0,0,0,0,0,0,0,0,0,0,0,0
2022/6/30,78.6,82,78,81.9,3.3,4.1985,80.02,80.27,80.69,85.4817,86.7808,30,21,0,0,0,0,0,0,-29149,-813,0,0,0,0,0,0,0,0,0,0,0,0,0
2022/7/1,78.1,80.3,78.1,79.8,-2.1,-2.5641,80.06,80.06,80.66,85.2733,86.7767,19,18,0,0,0,0,0,0,-29997,-848,0,0,0,0,0,0,0,0,0,0,0,0,0
2022/7/4,79.4,79.4,79.4,79.4,-0.4,-0.5013,79.94,79.98,80.655,85.0867,86.7908,1,16,0,0,0,0,0,0,-29756,241,0,0,0,0,0,0,0,0,0,0,0,0,0
2022/7/5,79.8,79.8,79.8,79.8,0.4,0.5038,79.9,79.88,80.635,84.9167,86.86,1,14,0,0,0,0,0,0,-29085,671,0,0,0,0,0,0,0,0,0,0,0,0,0
2022/7/6,77,79.5,76,76.3,-3.5,-4.386,79.44,79.52,80.385,84.6883,86.9275,9,12,0,0,0,0,0,0,-29879,-794,0,0,0,0,0,0,0,0,0,0,0,0,0
2022/7/7,79.4,79.5,75.7,77.9,1.6,2.097,78.64,79.33,80.23,84.47,86.9617,12,8,0,0,0,0,0,0,-29244,635,0,0,0,0,0,0,0,0,0,0,0,0,0
2022/7/8,77.9,77.9,74.8,77.9,0,0,78.26,79.16,80.015,84.2683,86.9633,18,8,0,0,0,0,0,0,-28916,328,0,0,0,0,0,0,0,0,0,0,0,0,0
2022/7/11,75.8,77.9,75.7,75.8,-2.1,-2.6958,77.54,78.74,79.7,84.0283,86.9242,11,10,0,0,0,0,0,0,-29113,-197,0,0,0,0,0,0,0,0,0,0,0,0,0
2022/7/12,77.8,77.9,75.7,77.7,1.9,2.5066,77.12,78.51,79.52,83.825,86.9108,15,13,0,0,0,0,0,0,-29932,-819,0,0,0,0,0,0,0,0,0,0,0,0,0
2022/7/13,77.6,78.3,77.3,78.2,0.5,0.6435,77.5,78.47,79.33,83.6233,86.9017,18,14,0,0,0,0,0,0,-29166,766,0,0,0,0,0,0,0,0,0,0,0,0,0
2022/7/14,74.1,78.6,74.1,75.1,-3.1,-3.9642,76.94,77.79,79.03,83.375,86.8692,21,16,0,0,0,0,0,0,-28759,407,0,0,0,0,0,0,0,0,0,0,0,0,0
2022/7/15,78.3,78.3,75.1,78.3,3.2,4.261,77.02,77.64,78.85,83.1767,86.8558,3,13,0,0,0,0,0,0,-28820,-61,0,0,0,0,0,0,0,0,0,0,0,0,0
2022/7/18,75.4,78.5,75.4,78.3,0,0,77.52,77.53,78.755,82.9817,86.8417,12,13,0,0,0,0,0,0,-28253,567,0,0,0,0,0,0,0,0,0,0,0,0,0
2022/7/19,78.3,78.6,75.6,76.1,-2.2,-2.8097,77.2,77.16,78.52,82.75,86.8142,32,17,0,0,0,0,0,0,-27894,359,0,0,0,0,0,0,0,0,0,0,0,0,0
2022/7/20,78.8,78.8,76.1,78.7,2.6,3.4166,77.3,77.4,78.46,82.57,86.8117,5,14,0,0,0,0,0,0,-27932,-38,0,0,0,0,0,0,0,0,0,0,0,0,0
2022/7/21,78.7,78.8,75.9,78.8,0.1,0.1271,78.04,77.49,78.41,82.4,86.8067,13,13,0,0,0,0,0,0,-27395,537,0,0,0,0,0,0,0,0,0,0,0,0,0
2022/7/22,78.7,78.7,77.6,78.6,-0.2,-0.2538,78.1,77.56,78.36,82.2183,86.7992,10,14,0,0,0,0,0,0,-27398,-3,0,0,0,0,0,0,0,0,0,0,0,0,0
2022/7/25,77.5,78.6,77.3,78.3,-0.3,-0.3817,78.1,77.81,78.275,82.0233,86.7908,8,13,0,0,0,0,0,0,-27182,216,0,0,0,0,0,0,0,0,0,0,0,0,0
2022/7/26,77.3,79.9,77.1,79.9,1.6,2.0434,78.86,78.03,78.27,81.805,86.7892,20,11,0,0,0,0,0,0,-27490,-308,0,0,0,0,0,0,0,0,0,0,0,0,0
2022/7/27,79.9,85,79,84.3,4.4,5.5069,79.98,78.64,78.555,81.7017,86.8158,65,23,0,0,0,0,0,0,-27190,300,0,0,0,0,0,0,0,0,0,0,0,0,0
2022/7/28,84.3,84.6,80.7,83.1,-1.2,-1.4235,80.84,79.44,78.615,81.5583,86.8192,21,24,0,0,0,0,0,0,-27443,-253,0,0,0,0,0,0,0,0,0,0,0,0,0
2022/7/29,83.1,83.2,83.1,83.2,0.1,0.1203,81.76,79.93,78.785,81.4683,86.7825,8,24,0,0,0,0,0,0,-26946,497,0,0,0,0,0,0,0,0,0,0,0,0,0
2022/8/1,83.2,85,83,84,0.8,0.9615,82.9,80.5,79.015,81.3717,86.6992,57,34,0,0,0,0,0,0,-26703,243,0,0,0,0,0,0,0,0,0,0,0,0,0
2022/8/2,84,84,83,83.7,-0.3,-0.3571,83.66,81.26,79.21,81.2883,86.5508,28,35,0,0,0,0,0,0,-27369,-666,0,0,0,0,0,0,0,0,0,0,0,0,0
2022/8/3,83.7,83.8,82.6,83.4,-0.3,-0.3584,83.48,81.73,79.565,81.2167,86.4167,23,27,0,0,0,0,0,0,-27888,-519,0,0,0,0,0,0,0,0,0,0,0,0,0
2022/8/4,82.6,83,82,82.8,-0.6,-0.7194,83.42,82.13,79.81,81.1517,86.2858,18,26,0,0,0,0,0,0,-28214,-326,0,0,0,0,0,0,0,0,0,0,0,0,0
2022/8/5,82.8,82.8,81.8,82.7,-0.1,-0.1208,83.32,82.54,80.05,81.075,86.1525,10,27,0,0,0,0,0,0,-27412,802,0,0,0,0,0,0,0,0,0,0,0,0,0
2022/8/8,81.8,84,81.8,83.3,0.6,0.7255,83.18,83.04,80.425,81.0083,86.06,73,30,0,0,0,0,0,0,-27376,36,0,0,0,0,0,0,0,0,0,0,0,0,0
2022/8/9,83.1,83.2,82.6,83.2,-0.1,-0.12,83.08,83.37,80.7,80.9617,85.9633,8,26,0,0,0,0,0,0,-27052,324,0,0,0,0,0,0,0,0,0,0,0,0,0
2022/8/10,83.2,83.4,83,83.3,0.1,0.1202,83.06,83.27,80.955,80.9217,85.8608,11,24,0,0,0,0,0,0,-26981,71,0,0,0,0,0,0,0,0,0,0,0,0,0
2022/8/11,82.6,83.3,82,82.6,-0.7,-0.8403,83.02,83.22,81.33,80.865,85.76,35,27,0,0,0,0,0,0,-26537,444,0,0,0,0,0,0,0,0,0,0,0,0,0
2022/8/12,81.8,83.2,81.6,82.2,-0.4,-0.4843,82.92,83.12,81.525,80.805,85.6625,47,34,0,0,0,0,0,0,-26122,415,0,0,0,0,0,0,0,0,0,0,0,0,0
2022/8/15,81.5,81.8,79.6,81,-1.2,-1.4599,82.46,82.82,81.66,80.7217,85.5542,43,28,0,0,0,0,0,0,-25735,387,0,0,0,0,0,0,0,0,0,0,0,0,0
2022/8/16,80.6,80.6,79.1,80.4,-0.6,-0.7407,81.9,82.49,81.875,80.65,85.4408,14,30,0,0,0,0,0,0,-25775,-40,0,0,0,0,0,0,0,0,0,0,0,0,0
2022/8/17,81,81,78,80.5,0.1,0.1244,81.34,82.2,81.965,80.6017,85.3325,9,29,0,0,0,0,0,0,-25696,79,0,0,0,0,0,0,0,0,0,0,0,0,0
2022/8/18,80.5,81.2,78,81.2,0.7,0.8696,81.06,82.04,82.085,80.58,85.2475,42,31,0,0,0,0,0,0,-25478,218,0,0,0,0,0,0,0,0,0,0,0,0,0
2022/8/19,80.9,80.9,79.5,80.2,-1,-1.2315,80.66,81.79,82.165,80.545,85.1517,10,23,0,0,0,0,0,0,-25294,184,0,0,0,0,0,0,0,0,0,0,0,0,0
2022/8/22,79.1,81,79.1,80.3,0.1,0.1247,80.52,81.49,82.265,80.5117,85.0583,19,18,0,0,0,0,0,0,-25564,-270,0,0,0,0,0,0,0,0,0,0,0,0,0
2022/8/23,79.1,80.3,79,80.1,-0.2,-0.2491,80.46,81.18,82.275,80.485,84.9558,16,19,0,0,0,0,0,0,-25895,-331,0,0,0,0,0,0,0,0,0,0,0,0,0
2022/8/24,80,80,80,80,-0.1,-0.1248,80.36,80.85,82.06,80.4183,84.8542,1,17,0,0,0,0,0,0,-25797,98,0,0,0,0,0,0,0,0,0,0,0,0,0
2022/8/25,78.6,80.1,78.6,80,0,0,80.12,80.59,81.905,80.4033,84.755,16,12,0,0,0,0,0,0,-25287,510,0,0,0,0,0,0,0,0,0,0,0,0,0
2022/8/26,80,80,78,79.8,-0.2,-0.25,80.04,80.35,81.735,80.3933,84.6675,8,12,0,0,0,0,0,0,-24989,298,0,0,0,0,0,0,0,0,0,0,0,0,0
2022/8/29,78,80,78,79.2,-0.6,-0.7519,79.82,80.17,81.495,80.3883,84.5758,37,15,0,0,0,0,0,0,-25761,-772,0,0,0,0,0,0,0,0,0,0,0,0,0
2022/8/30,79.2,79.4,78.4,79.3,0.1,0.1263,79.66,80.06,81.275,80.3733,84.4842,7,13,0,0,0,0,0,0,-25189,572,0,0,0,0,0,0,0,0,0,0,0,0,0
2022/8/31,79.3,81,78.5,80,0.7,0.8827,79.66,80.01,81.105,80.3517,84.3975,70,27,0,0,0,0,0,0,-24792,397,0,0,0,0,0,0,0,0,0,0,0,0,0
2022/9/1,81,82.6,80.5,80.9,0.9,1.125,79.84,79.98,81.01,80.35,84.3175,128,50,0,0,0,0,0,0,-25468,-676,0,0,0,0,0,0,0,0,0,0,0,0,0
2022/9/2,81.5,81.9,79.9,81.9,1,1.2361,80.26,80.15,80.97,80.345,84.25,74,63,0,0,0,0,0,0,-25658,-190,0,0,0,0,0,0,0,0,0,0,0,0,0
2022/9/5,82,82.3,80.2,80.3,-1.6,-1.9536,80.48,80.15,80.82,80.315,84.1692,86,73,0,0,0,0,0,0,-26116,-458,0,0,0,0,0,0,0,0,0,0,0,0,0
2022/9/6,80.7,80.9,79.6,80.3,0,0,80.68,80.17,80.675,80.2983,84.0717,13,74,0,0,0,0,0,0,-26573,-457,0,0,0,0,0,0,0,0,0,0,0,0,0
2022/9/7,79.6,80.9,79.6,79.7,-0.6,-0.7472,80.62,80.14,80.495,80.26,83.9733,14,63,0,0,0,0,0,0,-27094,-521,0,0,0,0,0,0,0,0,0,0,0,0,0
2022/9/8,81.9,81.9,79.7,80.3,0.6,0.7528,80.5,80.17,80.38,80.2467,83.855,45,46,0,0,0,0,0,0,-26366,728,0,0,0,0,0,0,0,0,0,0,0,0,0
2022/9/12,80.3,82,80,80.7,0.4,0.4981,80.26,80.26,80.305,80.2267,83.7492,128,57,0,0,0,0,0,0,-25877,489,0,0,0,0,0,0,0,0,0,0,0,0,0
2022/9/13,80.2,81.5,80.2,80.7,0,0,80.34,80.41,80.29,80.235,83.6475,147,69,0,0,0,0,0,0,-25735,142,0,0,0,0,0,0,0,0,0,0,0,0,0
2022/9/14,80,82,79,82,1.3,1.6109,80.68,80.68,80.37,80.255,83.5775,177,102,0,0,0,0,0,0,-26152,-417,0,0,0,0,0,0,0,0,0,0,0,0,0
2022/9/15,81,81.2,80,80.5,-1.5,-1.8293,80.84,80.73,80.37,80.265,83.4742,92,117,0,0,0,0,0,0,-26023,129,0,0,0,0,0,0,0,0,0,0,0,0,0
2022/9/16,80.9,80.9,79.8,80.7,0.2,0.2484,80.92,80.71,80.345,80.28,83.3942,9,110,0,0,0,0,0,0,-26490,-467,0,0,0,0,0,0,0,0,0,0,0,0,0
2022/9/19,80.5,80.8,79.5,80.1,-0.6,-0.7435,80.8,80.53,80.34,80.2883,83.3083,42,93,0,0,0,0,0,0,-27087,-597,0,0,0,0,0,0,0,0,0,0,0,0,0
2022/9/20,80.5,80.5,79.4,79.4,-0.7,-0.8739,80.54,80.44,80.295,80.2783,83.2125,13,66,0,0,0,0,0,0,-26805,282,0,0,0,0,0,0,0,0,0,0,0,0,0
2022/9/21,79.4,80,79.4,80,0.6,0.7557,80.14,80.41,80.29,80.2783,83.1142,10,33,0,0,0,0,0,0,-27434,-629,0,0,0,0,0,0,0,0,0,0,0,0,0
2022/9/22,80,80,79,80,0,0,80.04,80.44,80.29,80.3017,82.9767,4,15,0,0,0,0,0,0,-27534,-100,0,0,0,0,0,0,0,0,0,0,0,0,0
2022/9/23,80,80.1,79.3,80.1,0.1,0.125,79.92,80.42,80.295,80.2717,82.8767,14,16,0,0,0,0,0,0,-28019,-485,0,0,0,0,0,0,0,0,0,0,0,0,0
2022/9/26,78.1,80,78,80,-0.1,-0.1248,79.9,80.35,80.305,80.275,82.7742,3,8,0,0,0,0,0,0,-28908,-889,0,0,0,0,0,0,0,0,0,0,0,0,0
2022/9/27,80,80,78,78,-2,-2.5,79.62,80.08,80.245,80.2517,82.6692,60,18,0,0,0,0,0,0,-28526,382,0,0,0,0,0,0,0,0,0,0,0,0,0
2022/9/28,78.7,78.8,77.6,78.5,0.5,0.641,79.32,79.73,80.205,80.23,82.5733,42,24,0,0,0,0,0,0,-29419,-893,0,0,0,0,0,0,0,0,0,0,0,0,0
2022/9/29,79,79,77.8,79,0.5,0.6369,79.12,79.58,80.155,80.275,82.4817,122,48,0,0,0,0,0,0,-28741,678,0,0,0,0,0,0,0,0,0,0,0,0,0
2022/9/30,77.7,85,77.5,85,6,7.5949,80.1,80.01,80.36,80.3933,82.4317,27,50,0,0,0,0,0,0,-28569,172,0,0,0,0,0,0,0,0,0,0,0,0,0
2022/10/3,81.9,81.9,78,78.2,-6.8,-8,79.74,79.82,80.175,80.3983,82.3333,240,98,0,0,0,0,0,0,-28826,-257,0,0,0,0,0,0,0,0,0,0,0,0,0
2022/10/4,78.5,80,78.1,79.5,1.3,1.6624,80.04,79.83,80.135,80.46,82.2442,88,103,0,0,0,0,0,0,-28093,733,0,0,0,0,0,0,0,0,0,0,0,0,0
2022/10/5,79.8,80.9,79.1,79.9,0.4,0.5031,80.32,79.82,80.115,80.4967,82.1608,256,146,0,0,0,0,0,0,-28088,5,0,0,0,0,0,0,0,0,0,0,0,0,0
2022/10/6,79.8,80.9,79.7,80.3,0.4,0.5006,80.58,79.85,80.145,80.5317,82.0775,58,133,0,0,0,0,0,0,-27913,175,0,0,0,0,0,0,0,0,0,0,0,0,0
2022/10/7,80,80.3,79.6,80.3,0,0,79.64,79.87,80.145,80.6183,81.9967,31,134,0,0,0,0,0,0,-28197,-284,0,0,0,0,0,0,0,0,0,0,0,0,0
2022/10/11,79.6,80.2,79.1,79.5,-0.8,-0.9963,79.9,79.82,80.085,80.6383,81.9075,21,90,0,0,0,0,0,0,-29071,-874,0,0,0,0,0,0,0,0,0,0,0,0,0
2022/10/12,80,80.2,79.5,80,0.5,0.6289,80,80.02,80.05,80.6667,81.8242,17,76,0,0,0,0,0,0,-29055,16,0,0,0,0,0,0,0,0,0,0,0,0,0
2022/10/13,80.3,80.3,78.7,78.7,-1.3,-1.625,79.76,80.04,79.885,80.71,81.73,24,30,0,0,0,0,0,0,-29952,-897,0,0,0,0,0,0,0,0,0,0,0,0,0
2022/10/14,80,85,77.2,84,5.3,6.7344,80.5,80.54,80.06,80.7983,81.6842,2150,448,0,0,0,0,0,0,-29122,830,0,0,0,0,0,0,0,0,0,0,0,0,0
2022/10/17,79.5,80,79,79.5,-4.5,-5.3571,80.34,79.99,80,80.81,81.605,46,451,0,0,0,0,0,0,-29456,-334,0,0,0,0,0,0,0,0,0,0,0,0,0
2022/10/18,79,79.9,78.7,79.5,0,0,80.34,80.12,79.97,80.825,81.5217,21,451,0,0,0,0,0,0,-29061,395,0,0,0,0,0,0,0,0,0,0,0,0,0
2022/10/19,78.8,79.3,78,78.3,-1.2,-1.5094,80,80,79.915,80.825,81.4242,52,458,0,0,0,0,0,0,-29310,-249,0,0,0,0,0,0,0,0,0,0,0,0,0
2022/10/20,78.3,79,77.7,78.5,0.2,0.2554,79.96,79.86,79.84,80.8017,81.3033,92,472,0,0,0,0,0,0,-29783,-473,0,0,0,0,0,0,0,0,0,0,0,0,0
2022/10/21,78.5,82.4,78,79,0.5,0.6369,78.96,79.73,79.79,80.7133,81.2075,64,55,0,0,0,0,0,0,-30173,-390,0,0,0,0,0,0,0,0,0,0,0,0,0
2022/10/24,80.3,80.3,78,79.7,0.7,0.8861,79,79.67,79.77,80.6567,81.1075,21,50,0,0,0,0,0,0,-29735,438,0,0,0,0,0,0,0,0,0,0,0,0,0
2022/10/25,79.5,79.5,77.7,79.2,-0.5,-0.6274,78.94,79.64,79.73,80.59,81.0292,23,50,0,0,0,0,0,0,-30137,-402,0,0,0,0,0,0,0,0,0,0,0,0,0
2022/10/26,79.2,79.2,77.5,78.2,-1,-1.2626,78.92,79.46,79.74,80.4933,80.9325,34,46,0,0,0,0,0,0,-30254,-117,0,0,0,0,0,0,0,0,0,0,0,0,0
2022/10/27,77.5,80.3,76.8,80.3,2.1,2.6854,79.28,79.62,79.83,80.4367,80.8625,107,49,0,0,0,0,0,0,-29503,751,0,0,0,0,0,0,0,0,0,0,0,0,0
2022/10/28,78,78.3,76.7,77,-3.3,-4.1096,78.88,78.92,79.73,80.33,80.7733,61,49,0,0,0,0,0,0,-30174,-671,0,0,0,0,0,0,0,0,0,0,0,0,0
2022/10/31,77.1,80,77.1,80,3,3.8961,78.94,78.97,79.48,80.2833,80.7175,17,48,0,0,0,0,0,0,-29707,467,0,0,0,0,0,0,0,0,0,0,0,0,0
2022/11/1,79.7,81.1,79.2,79.9,-0.1,-0.125,79.08,79.01,79.565,80.2367,80.6558,154,74,0,0,0,0,0,0,-29087,620,0,0,0,0,0,0,0,0,0,0,0,0,0
2022/11/2,79.9,80.2,79,80.2,0.3,0.3755,79.48,79.2,79.6,80.185,80.5967,24,72,0,0,0,0,0,0,-28698,389,0,0,0,0,0,0,0,0,0,0,0,0,0
2022/11/3,79.9,80.2,79.4,80.1,-0.1,-0.1247,79.44,79.36,79.61,80.1333,80.5475,24,56,0,0,0,0,0,0,-28690,8,0,0,0,0,0,0,0,0,0,0,0,0,0
2022/11/4,79.4,80.1,79.4,79.7,-0.4,-0.4994,79.98,79.43,79.58,80.0733,80.4975,53,54,0,0,0,0,0,0,-28278,412,0,0,0,0,0,0,0,0,0,0,0,0,0
2022/11/7,79.3,80.3,78.7,79.7,0,0,79.92,79.43,79.55,80.025,80.445,73,65,0,0,0,0,0,0,-27720,558,0,0,0,0,0,0,0,0,0,0,0,0,0
2022/11/8,79.8,79.9,79.2,79.9,0.2,0.2509,79.92,79.5,79.57,79.9867,80.3958,15,37,0,0,0,0,0,0,-27645,75,0,0,0,0,0,0,0,0,0,0,0,0,0
2022/11/9,80,80.7,79.2,80.7,0.8,1.0013,80.02,79.75,79.605,79.9817,80.3517,10,35,0,0,0,0,0,0,-27130,515,0,0,0,0,0,0,0,0,0,0,0,0,0
2022/11/10,79.6,80.8,79.6,80.5,-0.2,-0.2478,80.1,79.77,79.695,79.9833,80.3167,39,38,0,0,0,0,0,0,-27494,-364,0,0,0,0,0,0,0,0,0,0,0,0,0
2022/11/11,80.8,80.8,79.8,80.5,0,0,80.26,80.12,79.52,79.9833,80.2925,46,36,0,0,0,0,0,0,-27208,286,0,0,0,0,0,0,0,0,0,0,0,0,0
2022/11/14,80.5,80.9,80.2,80.4,-0.1,-0.1242,80.4,80.16,79.565,79.97,80.275,66,35,0,0,0,0,0,0,-26624,584,0,0,0,0,0,0,0,0,0,0,0,0,0
2022/11/15,80.7,81,80.4,80.5,0.1,0.1244,80.52,80.22,79.615,79.975,80.26,37,39,0,0,0,0,0,0,-26387,237,0,0,0,0,0,0,0,0,0,0,0,0,0
2022/11/16,80.9,81.5,80.3,81,0.5,0.6211,80.58,80.3,79.75,79.9867,80.2492,38,45,0,0,0,0,0,0,-26858,-471,0,0,0,0,0,0,0,0,0,0,0,0,0
2022/11/17,80,81.1,79.8,81.1,0.1,0.1235,80.7,80.4,79.88,80.0033,80.2442,31,43,0,0,0,0,0,0,-26307,551,0,0,0,0,0,0,0,0,0,0,0,0,0
2022/11/18,80.4,81.4,80.4,81.4,0.3,0.3699,80.88,80.57,80,80.0267,80.2225,2,34,0,0,0,0,0,0,-26659,-352,0,0,0,0,0,0,0,0,0,0,0,0,0
2022/11/21,81.5,83,80.1,83,1.6,1.9656,81.4,80.9,80.165,80.0767,80.24,33,28,0,0,0,0,0,0,-26634,25,0,0,0,0,0,0,0,0,0,0,0,0,0
2022/11/22,81,81.8,80.7,81.8,-1.2,-1.4458,81.66,81.09,80.295,80.11,80.2517,53,31,0,0,0,0,0,0,-26763,-129,0,0,0,0,0,0,0,0,0,0,0,0,0
2022/11/23,81,81.8,81,81.5,-0.3,-0.3667,81.76,81.17,80.46,80.1483,80.2683,10,25,0,0,0,0,0,0,-26361,402,0,0,0,0,0,0,0,0,0,0,0,0,0
2022/11/24,82.1,82.9,81.3,82,0.5,0.6135,81.94,81.32,80.545,80.1933,80.2833,23,24,0,0,0,0,0,0,-25840,521,0,0,0,0,0,0,0,0,0,0,0,0,0
2022/11/25,82.9,90.9,82.5,89,7,8.5366,83.46,82.17,81.145,80.3433,80.3475,119,47,0,0,0,0,0,0,-26154,-314,0,0,0,0,0,0,0,0,0,0,0,0,0
2022/11/28,89,93.2,89,92.3,3.3,3.7079,85.32,83.36,81.76,80.5333,80.4417,226,86,0,0,0,0,0,0,-26093,61,0,0,0,0,0,0,0,0,0,0,0,0,0
2022/11/29,91.2,92.3,90.7,91.3,-1,-1.0834,87.22,84.44,82.33,80.69,80.5175,81,91,0,0,0,0,0,0,-25710,383,0,0,0,0,0,0,0,0,0,0,0,0,0
2022/11/30,92.7,92.7,89.1,91.7,0.4,0.4381,89.26,85.51,82.905,80.88,80.5975,47,99,0,0,0,0,0,0,-25067,643,0,0,0,0,0,0,0,0,0,0,0,0,0
2022/12/1,90.8,92.7,90.7,91,-0.7,-0.7634,91.06,86.5,83.45,81.0583,80.6783,50,104,0,0,0,0,0,0,-24646,421,0,0,0,0,0,0,0,0,0,0,0,0,0
2022/12/2,90.7,91.3,90.5,91.3,0.3,0.3297,91.52,87.49,84.03,81.2517,80.7558,38,88,0,0,0,0,0,0,-24501,145,0,0,0,0,0,0,0,0,0,0,0,0,0
2022/12/5,92.7,92.7,91.3,91.7,0.4,0.4381,91.4,88.36,84.63,81.4417,80.8442,59,55,0,0,0,0,0,0,-24207,294,0,0,0,0,0,0,0,0,0,0,0,0,0
2022/12/6,92.3,92.8,91.7,92.8,1.1,1.1996,91.7,89.46,85.275,81.6433,80.935,683,175,0,0,0,0,0,0,-24875,-668,0,0,0,0,0,0,0,0,0,0,0,0,0
2022/12/7,93.9,93.9,92.5,93.7,0.9,0.9698,92.1,90.68,85.925,81.86,81.0475,63,178,0,0,0,0,0,0,-25350,-475,0,0,0,0,0,0,0,0,0,0,0,0,0
2022/12/8,92.7,93.3,92.6,92.8,-0.9,-0.9605,92.46,91.76,86.54,82.04,81.1475,59,180,0,0,0,0,0,0,-25292,58,0,0,0,0,0,0,0,0,0,0,0,0,0
2022/12/9,93.3,93.9,92.7,93.3,0.5,0.5388,92.86,92.19,87.18,82.2533,81.2592,21,177,0,0,0,0,0,0,-25184,108,0,0,0,0,0,0,0,0,0,0,0,0,0
2022/12/12,93.3,94.3,92.7,94.2,0.9,0.9646,93.36,92.38,87.87,82.4783,81.3792,125,190,0,0,0,0,0,0,-25366,-182,0,0,0,0,0,0,0,0,0,0,0,0,0
2022/12/13,94.2,106,94.2,99,4.8,5.0955,94.6,93.15,88.795,82.7933,81.5408,257,105,0,0,0,0,0,0,-25434,-68,0,0,0,0,0,0,0,0,0,0,0,0,0
2022/12/14,99,103,98.6,99.4,0.4,0.404,95.74,93.92,89.715,83.1267,81.7025,106,113,0,0,0,0,0,0,-24876,558,0,0,0,0,0,0,0,0,0,0,0,0,0
2022/12/15,99.9,100.5,98.6,99.6,0.2,0.2012,97.1,94.78,90.64,83.4533,81.8658,61,114,0,0,0,0,0,0,-24855,21,0,0,0,0,0,0,0,0,0,0,0,0,0
2022/12/16,97,99,96,96.5,-3.1,-3.1124,97.74,95.3,91.395,83.7283,82.015,32,116,0,0,0,0,0,0,-25505,-650,0,0,0,0,0,0,0,0,0,0,0,0,0
2022/12/19,96.5,96.5,93,93.7,-2.8,-2.9016,97.64,95.5,91.93,83.955,82.1133,66,104,0,0,0,0,0,0,-25790,-285,0,0,0,0,0,0,0,0,0,0,0,0,0
2022/12/20,93.5,93.9,90.7,92.5,-1.2,-1.2807,96.34,95.47,92.465,84.1633,82.2192,44,61,0,0,0,0,0,0,-26575,-785,0,0,0,0,0,0,0,0,0,0,0,0,0
2022/12/21,92.5,97.2,92.1,94.9,2.4,2.5946,95.44,95.59,93.135,84.445,82.3483,64,53,0,0,0,0,0,0,-26319,256,0,0,0,0,0,0,0,0,0,0,0,0,0
2022/12/22,93,97.4,93,94.8,-0.1,-0.1054,94.48,95.79,93.775,84.7167,82.4733,45,50,0,0,0,0,0,0,-25763,556,0,0,0,0,0,0,0,0,0,0,0,0,0
2022/12/23,94.8,94.8,93,94.7,-0.1,-0.1055,94.12,95.93,94.06,84.9783,82.6267,34,50,0,0,0,0,0,0,-26007,-244,0,0,0,0,0,0,0,0,0,0,0,0,0
2022/12/26,93.2,94.4,93.1,94.3,-0.4,-0.4224,94.24,95.94,94.16,85.1333,82.7633,35,44,0,0,0,0,0,0,-25945,62,0,0,0,0,0,0,0,0,0,0,0,0,0
2022/12/27,94,94.5,92.6,94.1,-0.2,-0.2121,94.56,95.45,94.3,85.3983,82.8983,23,40,0,0,0,0,0,0,-25704,241,0,0,0,0,0,0,0,0,0,0,0,0,0
2022/12/28,95,95,93.7,93.7,-0.4,-0.4251,94.32,94.88,94.4,85.635,83.0475,26,32,0,0,0,0,0,0,-26331,-627,0,0,0,0,0,0,0,0,0,0,0,0,0
2022/12/29,94.3,94.4,93.1,93.3,-0.4,-0.4269,94.02,94.25,94.515,85.8583,83.1775,43,32,0,0,0,0,0,0,-26536,-205,0,0,0,0,0,0,0,0,0,0,0,0,0
2022/12/30,93.3,93.9,90.3,93,-0.3,-0.3215,93.68,93.9,94.6,86.07,83.3008,43,34,0,0,0,0,0,0,-26321,215,0,0,0,0,0,0,0,0,0,0,0,0,0
2023/1/3,93,97.1,91.5,95.7,2.7,2.9032,93.96,94.1,94.8,86.3267,83.4725,92,45,0,0,0,0,0,0,-26217,104,0,0,0,0,0,0,0,0,0,0,0,0,0
2023/1/4,95.7,96.5,93.1,95,-0.7,-0.7315,94.14,94.35,94.91,86.585,83.6117,36,48,0,0,0,0,0,0,-25991,226,0,0,0,0,0,0,0,0,0,0,0,0,0
2023/1/5,96.3,98.9,95,97,2,2.1053,94.8,94.56,95.075,86.8683,83.7675,46,52,0,0,0,0,0,0,-25941,50,0,0,0,0,0,0,0,0,0,0,0,0,0
2023/1/6,95.3,97.2,95.3,95.5,-1.5,-1.5464,95.24,94.63,95.21,87.1483,83.9292,45,52,0,0,0,0,0,0,-25756,185,0,0,0,0,0,0,0,0,0,0,0,0,0
2023/1/9,96.8,99.7,96.6,97.5,2,2.0942,96.14,94.91,95.42,87.3733,84.0858,120,67,0,0,0,0,0,0,-25221,535,0,0,0,0,0,0,0,0,0,0,0,0,0
2023/1/10,98,98.5,97.6,97.7,0.2,0.2051,96.54,95.25,95.595,87.6767,84.2433,43,58,0,0,0,0,0,0,-25321,-100,0,0,0,0,0,0,0,0,0,0,0,0,0
2023/1/11,98.3,99.9,98.1,99.9,2.2,2.2518,97.52,95.83,95.64,88.0167,84.4208,120,74,0,0,0,0,0,0,-25432,-111,0,0,0,0,0,0,0,0,0,0,0,0,0
2023/1/12,99.9,99.9,98,98.5,-1.4,-1.4014,97.82,96.31,95.595,88.3533,84.5892,120,89,0,0,0,0,0,0,-25746,-314,0,0,0,0,0,0,0,0,0,0,0,0,0
2023/1/13,99,99.9,98.2,98.3,-0.2,-0.203,98.38,96.81,95.53,88.6833,84.7425,96,99,0,0,0,0,0,0,-26049,-303,0,0,0,0,0,0,0,0,0,0,0,0,0
2023/1/16,99.4,99.6,98,99.3,1,1.0173,98.74,97.44,95.67,89.0217,84.8675,141,104,0,0,0,0,0,0,-25960,89,0,0,0,0,0,0,0,0,0,0,0,0,0
2023/1/17,98.4,99.3,98.4,99,-0.3,-0.3021,99,97.77,95.935,89.3433,85,35,102,0,0,0,0,0,0,-25723,237,0,0,0,0,0,0,0,0,0,0,0,0,0
2023/1/30,99.3,100.5,98.8,100.5,1.5,1.5152,99.12,98.32,96.335,89.6983,85.1442,149,108,0,0,0,0,0,0,-25073,650,0,0,0,0,0,0,0,0,0,0,0,0,0
2023/1/31,100.5,101.5,99.7,101,0.5,0.4975,99.62,98.72,96.64,90.0783,85.2858,212,126,0,0,0,0,0,0,-24544,529,0,0,0,0,0,0,0,0,0,0,0,0,0
2023/2/1,101,111,100.5,110.5,9.5,9.4059,102.06,100.22,97.425,90.5817,85.5092,604,228,0,0,0,0,0,0,-24079,465,0,0,0,0,0,0,0,0,0,0,0,0,0
2023/2/2,110.5,116,110,115.5,5,4.5249,105.3,102.02,98.465,91.2233,85.7767,422,284,0,0,0,0,0,0,-23589,490,0,0,0,0,0,0,0,0,0,0,0,0,0
2023/2/3,115.5,116,108.5,110.5,-5,-4.329,107.6,103.3,99.275,91.7317,86.0075,498,377,0,0,0,0,0,0,-23617,-28,0,0,0,0,0,0,0,0,0,0,0,0,0
2023/2/6,110.5,110.5,106.5,109,-1.5,-1.3575,109.3,104.21,100.02,92.2167,86.2267,361,419,0,0,0,0,0,0,-23720,-103,0,0,0,0,0,0,0,0,0,0,0,0,0
2023/2/7,108.5,112,108.5,112,3,2.7523,111.5,105.56,100.935,92.7467,86.4658,182,413,0,0,0,0,0,0,-23506,214,0,0,0,0,0,0,0,0,0,0,0,0,0
2023/2/8,112.5,114.5,108.5,113.5,1.5,1.3393,112.1,107.08,101.945,93.3033,86.7183,288,350,0,0,0,0,0,0,-23410,96,0,0,0,0,0,0,0,0,0,0,0,0,0
2023/2/9,114,124.5,114,124,10.5,9.2511,113.8,109.55,103.495,94.0417,87.0575,853,436,0,0,0,0,0,0,-23591,-181,0,0,0,0,0,0,0,0,0,0,0,0,0
2023/2/10,124.5,140.5,124.5,135.5,11.5,9.2742,118.8,113.2,105.485,94.9717,87.4983,1404,617,0,0,0,0,0,0,-24102,-511,0,0,0,0,0,0,0,0,0,0,0,0,0
2023/2/13,135.5,138.5,130,133.5,-2,-1.476,123.7,116.5,107.41,95.865,87.9258,669,679,0,0,0,0,0,0,-24217,-115,0,0,0,0,0,0,0,0,0,0,0,0,0
2023/2/14,136,136,128,132.5,-1,-0.7491,127.8,119.65,109.185,96.7283,88.355,780,798,0,0,0,0,0,0,-23841,376,0,0,0,0,0,0,0,0,0,0,0,0,0
2023/2/15,133.5,133.5,125,130.5,-2,-1.5094,131.2,121.65,110.935,97.5617,88.7725,649,871,0,0,0,0,0,0,-23986,-145,0,0,0,0,0,0,0,0,0,0,0,0,0
2023/2/16,129,130.5,128,129.5,-1,-0.7663,132.3,123.05,112.535,98.3783,89.1808,305,761,0,0,0,0,0,0,-23407,579,0,0,0,0,0,0,0,0,0,0,0,0,0
2023/2/17,129,131.5,128.5,130.5,1,0.7722,131.3,125.05,114.175,99.2133,89.5917,427,566,0,0,0,0,0,0,-23241,166,0,0,0,0,0,0,0,0,0,0,0,0,0
2023/2/20,131,137,130.5,136,5.5,4.2146,131.8,127.75,115.98,100.1383,90.0567,706,573,0,0,0,0,0,0,-22709,532,0,0,0,0,0,0,0,0,0,0,0,0,0
2023/2/21,136,142,133.5,135,-1,-0.7353,132.3,130.05,117.805,101.0383,90.5125,342,485,0,0,0,0,0,0,-22629,80,0,0,0,0,0,0,0,0,0,0,0,0,0
2023/2/22,135,135,129,132,-3,-2.2222,132.6,131.9,119.49,101.8867,90.945,258,407,0,0,0,0,0,0,-22932,-303,0,0,0,0,0,0,0,0,0,0,0,0,0
2023/2/23,133,134.5,130,133.5,1.5,1.1364,133.4,132.85,121.2,102.755,91.3908,236,393,0,0,0,0,0,0,-22373,559,0,0,0,0,0,0,0,0,0,0,0,0,0
2023/2/24,133.5,135.5,127,131.5,-2,-1.4981,133.6,132.45,122.825,103.5633,91.82,180,344,0,0,0,0,0,0,-22605,-232,0,0,0,0,0,0,0,0,0,0,0,0,0
2023/3/1,128,133,126.5,132,0.5,0.3802,132.8,132.3,124.4,104.4,92.255,239,251,0,0,0,0,0,0,-22755,-150,0,0,0,0,0,0,0,0,0,0,0,0,0
2023/3/2,132.5,141.5,132,140,8,6.0606,133.8,133.05,126.35,105.375,92.7617,1144,411,0,0,0,0,0,0,-22534,221,0,0,0,0,0,0,0,0,0,0,0,0,0
2023/3/3,142,163,140,155.5,15.5,11.0714,138.5,135.55,128.6,106.6,93.3967,1878,735,0,0,0,0,0,0,-22225,309,0,0,0,0,0,0,0,0,0,0,0,0,0
2023/3/6,121,121,121,121,-34.5,-22.1865,136,134.7,128.875,107.1333,93.7383,95,707,0,0,0,0,0,0,-21648,577,2976,595,298,0,0,0,0,0,0,2976,595,298,0
2023/3/7,133,133,133,133,12,9.9174,136.3,134.95,130,107.8117,94.1725,235,718,0,0,0,0,0,0,-21288,360,2826,1160,580,0,0,0,0,0,0,2826,1160,580,0
2023/3/8,141,146,139,142,9,6.7669,138.3,135.55,131.65,108.6567,94.6733,2607,1191,0,0,0,0,0,0,-21134,154,3028,1766,883,0,0,0,0,0,0,3028,1766,883,0
2023/3/9,143,143,138,139.5,-2.5,-1.7606,138.2,136,133.025,109.4533,95.1667,529,1068,0,0,0,0,0,0,-21493,-359,3033,2373,1186,0,0,0,0,0,0,3033,2373,1186,0
2023/3/10,137,139.5,136,139,-0.5,-0.3584,134.9,136.7,134.3,110.2533,95.6558,481,789,0,0,0,0,0,0,-22224,-731,3172,3007,1504,0,0,0,0,0,0,3172,3007,1504,0
2023/3/13,140,145,137,145,6,4.3165,139.7,137.85,135.35,111.1483,96.2,867,943,0,0,0,0,0,0,-22553,-329,3132,3038,1817,0,0,0,11,2,1,3143,3041,1818,0
2023/3/14,144.5,159.5,143,154.5,9.5,6.5517,144,140.15,136.3,112.195,96.8183,1162,1129,0,0,0,0,0,0,-23046,-493,3116,3096,2128,0,0,0,0,2,1,3116,3099,2130,0
2023/3/15,154,160,153,157.5,3,1.9417,147.1,142.7,137.5,113.2733,97.4583,607,729,0,0,0,0,0,0,-22988,58,3156,3122,2444,0,0,0,15,5,3,3171,3127,2447,0
2023/3/16,155,157.5,145.5,152.5,-5,-3.1746,149.7,143.95,138.5,114.2533,98.0567,505,724,0,0,0,0,0,0,-23721,-733,3211,3158,2765,0,0,0,7,7,3,3218,3165,2769,0
2023/3/17,152,154,151,152.5,0,0,152.4,143.65,139.6,115.2483,98.6442,139,656,0,0,0,0,0,0,-23059,662,3222,3168,3087,0,0,0,0,7,3,3222,3175,3091,0
2023/3/20,153.5,155,151,152.5,0,0,153.9,146.8,140.75,116.235,99.2442,235,529,0,0,0,0,0,0,-22772,287,3275,3196,3117,0,0,0,12,7,5,3287,3203,3122,0
2023/3/21,153.5,153.5,149.5,150,-2.5,-1.6393,153,148.5,141.725,117.165,99.8217,189,335,0,0,0,0,0,0,-22320,452,3270,3227,3162,0,0,0,22,12,7,3292,3239,3169,0
2023/3/22,152,152,148,150.5,0.5,0.3333,151.6,149.35,142.45,118.0233,100.4083,211,255,0,0,0,0,0,0,-21894,426,3272,3250,3186,0,0,0,0,9,7,3272,3259,3193,0
2023/3/23,148.5,149.5,146,149.5,-1,-0.6645,151,150.35,143.175,118.8583,100.9925,174,189,0,0,0,0,0,0,-21775,119,3259,3260,3209,0,0,0,24,12,9,3283,3272,3218,0
2023/3/24,147,149.5,145.5,149.5,0,0,150.4,151.4,144.05,119.69,101.5717,199,201,0,0,0,0,0,0,-21617,158,3253,3266,3217,0,0,0,18,16,11,3271,3282,3228,0
2023/3/27,149.5,150,145,147,-2.5,-1.6722,149.3,151.6,144.725,120.5317,102.13,155,185,0,0,0,0,0,0,-21627,-10,3260,3263,3230,0,0,0,0,13,10,3260,3276,3240,0
2023/3/28,146,146,132.5,139,-8,-5.4422,147.1,150.05,145.1,121.2867,102.6208,841,316,0,0,0,0,0,0,-22140,-513,3358,3281,3254,0,0,0,0,9,10,3358,3289,3264,0
2023/3/29,140,140,134,135.5,-3.5,-2.518,144.1,147.85,145.275,122.0033,103.0833,163,306,0,0,0,0,0,0,-22010,130,3380,3302,3276,0,0,0,0,9,9,3380,3311,3285,0
2023/3/30,136.5,139,135,135,-0.5,-0.369,141.2,146.1,145.025,122.6717,103.5583,160,303,0,0,0,0,0,0,-21788,222,3378,3326,3293,0,0,0,0,4,8,3378,3330,3301,0
2023/3/31,134.5,136.5,134,135,0,0,138.3,144.35,144,123.3417,104.0292,108,285,0,0,0,0,0,0,-21556,232,3382,3352,3309,0,0,0,0,0,8,3382,3352,3317,0
2023/4/6,131,141.5,131,140.5,5.5,4.0741,137,143.15,144.975,124.105,104.5417,209,296,0,0,0,0,0,0,-21458,98,3362,3372,3318,0,0,0,15,3,8,3377,3375,3326,0
2023/4/7,139,144,139,141.5,1,0.7117,137.5,142.3,145.4,124.8917,105.0125,203,168,0,0,0,0,0,0,-21399,59,3336,3368,3324,0,0,0,0,3,6,3336,3371,3330,0
2023/4/10,142,142,135.5,138,-3.5,-2.4735,138,141.05,145.2,125.6233,105.5108,153,166,0,0,0,0,0,0,-21180,219,3333,3359,3330,0,0,0,0,3,6,3333,3362,3336,0
2023/4/11,138,139,135,138,0,0,138.6,139.9,145.125,126.3617,105.9983,151,164,0,0,0,0,0,0,-20951,229,3340,3351,3339,0,0,0,0,3,3,3340,3354,3342,0
2023/4/12,136,141,135,138,0,0,139.2,138.75,145.075,127.1067,106.4825,184,180,0,0,0,0,0,0,-20646,305,3356,3346,3349,0,0,0,0,3,2,3356,3349,3350,0
2023/4/13,138,138,134,136.5,-1.5,-1.087,138.4,137.7,144.65,127.8317,106.9508,160,170,0,0,0,0,0,0,-20838,-192,3385,3351,3362,0,0,0,0,0,2,3385,3351,3363,0
2023/4/14,136.5,140.5,136,137.5,1,0.7326,137.6,137.55,143.8,128.5283,107.4275,150,159,0,0,0,0,0,0,-20508,330,3406,3365,3366,0,0,0,18,4,3,3424,3368,3370,0
2023/4/17,137.5,140,135.5,138.5,1,0.7273,137.7,137.85,142.85,129.2533,107.9192,134,155,0,0,0,0,0,0,-20254,254,3432,3385,3372,0,0,0,22,8,6,3454,3393,3377,0
2023/4/18,139.5,140,137.5,139,0.5,0.361,137.9,138.25,142.175,129.9533,108.4108,118,149,0,0,0,0,0,0,-20483,-229,3467,3410,3381,0,0,0,25,13,8,3492,3423,3389,0
2023/4/19,139,152.5,139,148.5,9.5,6.8345,140,139.6,141.975,130.8367,108.9925,793,271,0,0,0,0,0,0,-20713,-230,3497,3438,3392,0,0,0,49,23,13,3546,3461,3405,0
2023/4/20,148,148.5,140,140,-8.5,-5.7239,140.7,139.55,141.35,131.545,109.4592,289,296,0,0,0,0,0,0,-21366,-653,3457,3453,3402,0,0,0,0,23,11,3457,3475,3413,0
2023/4/21,140.5,140.5,134.5,135,-5,-3.5714,140.2,138.9,140.6,132.1667,109.9217,165,299,0,0,0,0,0,0,-22009,-643,3446,3461,3413,0,0,0,51,29,16,3497,3490,3429,0
2023/4/24,134,138.5,134,135.5,0.5,0.3704,139.6,138.65,139.85,132.76,110.3883,82,289,0,0,0,0,0,0,-21633,376,3442,3463,3424,0,0,0,0,25,16,3442,3488,3440,0
2023/4/25,134.5,141.5,134,136,0.5,0.369,139,138.45,139.175,133.385,110.8692,166,299,0,0,0,0,0,0,-22385,-752,3410,3451,3431,0,0,0,67,33,23,3477,3485,3454,0
2023/4/26,135,137,133.5,135.5,-0.5,-0.3676,136.4,138.2,138.475,134.005,111.3442,100,160,0,0,0,0,0,0,-21980,405,3398,3431,3435,0,0,0,69,37,30,3467,3469,3465,0
2023/4/27,134.5,141,134.5,138.5,3,2.214,136.1,138.4,138.05,134.6583,111.84,192,141,0,0,0,0,0,0,-21791,189,3384,3417,3435,0,0,0,0,37,30,3384,3454,3465,0
2023/4/28,138,140,136.5,139,0.5,0.361,136.9,138.55,138.05,135.325,112.3342,91,126,0,0,0,0,0,0,-21168,623,3384,3404,3432,0,0,0,68,41,35,3452,3445,3468,0
2023/5/2,139,142,139,141.5,2.5,1.7986,138.1,138.85,138.35,136.0083,112.8533,180,145,0,0,0,0,0,0,-20851,317,3407,3397,3430,0,0,0,0,41,33,3407,3438,3463,0
2023/5/3,139.5,150,139.5,147.5,6,4.2403,140.4,139.7,138.975,136.7833,113.4308,481,208,0,0,0,0,0,0,-21163,-312,3434,3402,3427,0,0,0,66,41,37,3500,3443,3464,0
2023/5/4,146,148,142,145,-2.5,-1.6949,142.3,139.35,139.475,137.3583,113.97,189,226,0,0,0,0,0,0,-20975,188,3426,3408,3420,0,0,0,61,39,38,3487,3447,3458,0
2023/5/5,144.5,147,143,145.5,0.5,0.3448,143.7,139.9,139.725,137.8583,114.5408,164,221,0,0,0,0,0,0,-20992,-17,3430,3417,3417,0,0,0,0,39,38,3430,3456,3455,0
2023/5/8,146,150.5,146,148.5,3,2.0619,145.6,141.25,140.075,138.4917,115.1117,309,264,0,0,0,0,0,0,-20946,46,3448,3430,3417,0,0,0,60,37,39,3508,3467,3456,0
2023/5/9,146,147,137.5,143,-5.5,-3.7037,145.9,142,140.325,139.0583,115.6375,365,301,0,0,0,0,0,0,-21511,-565,3483,3445,3421,0,0,0,64,50,46,3547,3495,3467,0
2023/5/10,140.5,142,139.5,139.5,-3.5,-2.4476,144.3,142.35,140.4,139.5167,116.1317,94,224,0,0,0,0,0,0,-21395,116,3487,3456,3429,0,0,0,0,37,39,3487,3493,3468,0
2023/5/11,143,143,137,138.5,-1,-0.7168,143,142.65,140.425,139.9333,116.6183,195,225,0,0,0,0,0,0,-22106,-711,3485,3467,3438,0,0,0,0,25,32,3485,3492,3469,0
2023/5/12,139,141.5,138,139,0.5,0.361,141.7,142.7,140.55,140.1833,117.1125,179,228,0,0,0,0,0,0,-21793,313,3509,3483,3450,0,0,0,0,25,32,3509,3508,3482,0
2023/5/15,139.5,140,138,138.5,-0.5,-0.3597,139.7,142.65,140.6,140.2333,117.6025,101,186,0,0,0,0,0,0,-21999,-206,3510,3495,3463,0,0,0,0,13,25,3510,3508,3488,0
2023/5/16,140,140,138.5,140,1.5,1.083,139.1,142.5,140.675,140.3417,118.1033,52,124,0,0,0,0,0,0,-21377,622,3519,3502,3474,0,0,0,0,0,25,3519,3502,3499,0
2023/5/17,140,142,139,139.5,-0.5,-0.3571,139.1,141.7,140.7,140.4583,118.5933,146,134,0,0,0,0,0,0,-20690,687,3545,3514,3485,0,0,0,66,13,25,3611,3527,3510,0
2023/5/18,141.5,142,137.5,137.5,-2,-1.4337,138.9,140.95,140.15,140.575,119.0683,164,128,0,0,0,0,0,0,-20470,220,3542,3525,3496,0,0,0,62,26,25,3604,3551,3521,0
2023/5/19,138.5,139.5,135.5,137.5,0,0,138.6,140.15,140.025,140.7083,119.5433,139,120,0,0,0,0,0,0,-20589,-119,3532,3530,3506,0,0,0,62,38,31,3594,3568,3538,0
2023/5/22,137.5,138,135.5,137,-0.5,-0.3636,138.3,139,140.125,140.8167,120.015,197,139,0,0,0,0,0,0,-20153,436,3537,3535,3515,0,0,0,58,50,31,3595,3585,3546,0
2023/5/23,136.5,136.5,134.5,136,-1,-0.7299,137.5,138.3,140.15,140.8167,120.4775,224,174,0,0,0,0,0,0,-19877,276,3437,3519,3511,0,0,0,67,63,32,3504,3582,3542,0
2023/5/24,134.5,135,133.5,135,-1,-0.7353,136.6,137.85,140.1,140.8167,120.9275,103,165,0,0,0,0,0,0,-19698,179,3431,3496,3505,0,0,0,0,50,32,3431,3546,3536,0
2023/5/25,134,134.5,132,133,-2,-1.4815,135.7,137.3,139.975,140.8333,121.36,162,165,0,0,0,0,0,0,-20082,-384,3407,3469,3497,0,0,0,57,49,37,3464,3518,3534,0
2023/5/26,133,133,128.5,130.5,-2.5,-1.8797,134.3,136.45,139.575,140.7833,121.7692,196,176,0,0,0,0,0,0,-20526,-444,3378,3438,3484,0,0,0,0,36,37,3378,3475,3521,0
2023/5/29,129,130.5,125,129,-1.5,-1.1494,132.7,135.5,139.075,140.7417,122.1525,199,176,0,0,0,0,0,0,-20083,443,3383,3407,3471,0,0,0,0,25,37,3383,3432,3509,0
2023/5/30,127,132,127,132,3,2.3256,131.9,134.7,138.6,140.7417,122.5708,141,160,0,0,0,0,0,0,-20286,-203,3380,3396,3457,0,0,0,0,11,37,3380,3407,3495,0
2023/5/31,131,133.5,131,131.5,-0.5,-0.3788,131.2,133.9,137.8,140.6,122.9875,79,155,0,0,0,0,0,0,-19980,306,3375,3385,3440,0,0,0,58,23,36,3433,3408,3477,0
2023/6/1,131.5,131.5,125.5,129,-2.5,-1.9011,130.4,133.05,137,140.1583,123.3792,155,154,0,0,0,0,0,0,-19841,139,3362,3376,3422,0,0,0,0,12,30,3362,3387,3453,0
2023/6/2,129,129,126,126,-3,-2.3256,129.5,131.9,136.025,140.2417,123.6875,83,131,0,0,0,0,0,0,-19538,303,3361,3372,3405,0,0,0,0,12,24,3361,3384,3429,0
2023/6/5,126,130.5,126,129,3,2.381,129.5,131.1,135.05,140.175,123.9933,101,111,0,0,0,0,0,0,-19108,430,3343,3364,3386,0,0,0,59,23,24,3402,3388,3410,0
2023/6/6,130.5,134,129.5,132,3,2.3256,129.5,130.7,134.5,140.0083,124.3325,100,103,0,0,0,0,0,0,-19224,-116,3371,3363,3379,0,0,0,0,23,17,3371,3386,3397,0
2023/6/7,131.5,137,131.5,135.5,3.5,2.6515,130.3,130.75,134.3,139.9417,124.6975,221,132,0,0,0,0,0,0,-18907,317,3457,3379,3382,0,0,0,0,12,17,3457,3391,3399,0
2023/6/8,137,138,130.5,134,-1.5,-1.107,131.3,130.85,134.075,139.8583,125.0558,219,144,0,0,0,0,0,0,-19296,-389,3457,3398,3387,0,0,0,0,12,12,3457,3410,3399,0
2023/6/9,132,134.5,128.5,132,-2,-1.4925,132.5,131,133.725,139.6417,125.395,220,172,0,0,0,0,0,0,-18938,358,3473,3420,3396,0,0,0,0,12,12,3473,3432,3408,0
2023/6/12,132,134,130,130,-2,-1.5152,132.7,131.1,133.3,139.2333,125.7142,80,168,0,0,0,0,0,0,-19238,-300,3478,3447,3406,0,0,0,57,11,17,3535,3459,3423,0
2023/6/13,132.5,134,128,128.5,-1.5,-1.1538,132,130.75,132.725,138.75,126.0117,189,185,0,0,0,0,0,0,-19077,161,3595,3492,3427,0,0,0,0,11,17,3595,3504,3445,0
2023/6/14,128,129.5,127.5,128,-0.5,-0.3891,130.5,130.4,132.15,138.3417,126.2975,108,163,0,0,0,0,0,0,-19037,40,3600,3521,3450,0,0,0,0,11,12,3600,3532,3462,0
2023/6/15,129.5,131,127,128.5,0.5,0.3906,129.4,130.35,131.7,137.9417,126.595,166,152,0,0,0,0,0,0,-18849,188,3522,3534,3466,0,0,0,0,11,12,3522,3545,3478,0
2023/6/16,129.5,129.5,126.5,128,-0.5,-0.3891,128.6,130.55,131.225,137.5333,126.8842,64,121,0,0,0,0,0,0,-18942,-93,3535,3546,3483,0,0,0,0,11,12,3535,3558,3495,0
2023/6/19,129,130.5,127,127.5,-0.5,-0.3906,128.1,130.4,130.75,137.1583,127.1617,75,120,0,0,0,0,0,0,-19002,-60,3519,3555,3501,0,0,0,0,0,6,3519,3555,3507,0
2023/6/20,127.5,127.5,126,126,-1.5,-1.1765,127.6,129.8,130.25,136.75,127.3867,90,100,0,0,0,0,0,0,-19185,-183,3523,3540,3516,0,0,0,0,0,6,3523,3540,3522,0
2023/6/21,127,129.5,124,126,0,0,127.2,128.85,129.8,136.3583,127.6083,177,114,0,0,0,0,0,0,-18817,368,3545,3529,3525,0,0,0,0,0,6,3545,3529,3531,0
2023/6/26,126.5,127.5,125,126,0,0,126.7,128.05,129.45,135.9667,127.8283,44,90,0,0,0,0,0,0,-19141,-324,3546,3534,3534,0,0,0,0,0,6,3546,3534,3540,0
2023/6/27,127,127,123,125.5,-0.5,-0.3968,126.2,127.4,129.2,135.6083,128.07,91,95,0,0,0,0,0,0,-19692,-551,3548,3537,3541,0,0,0,58,12,12,3606,3548,3553,0
2023/6/28,126.5,126.5,123,124.5,-1,-0.7968,125.6,126.85,128.975,135.3667,128.3267,72,94,0,0,0,0,0,0,-19512,180,3550,3543,3549,0,0,0,0,12,6,3550,3554,3554,0
2023/6/29,125.5,125.5,121,123,-1.5,-1.2048,125,126.3,128.525,135.1583,128.5808,127,102,0,0,0,0,0,0,-19260,252,3552,3549,3544,0,0,0,61,24,12,3613,3572,3556,0
2023/6/30,124,124,120,120,-3,-2.439,123.8,125.5,127.95,134.9083,128.79,127,92,0,0,0,0,0,0,-19137,123,3552,3550,3540,0,0,0,0,24,12,3552,3574,3551,0
2023/7/3,120,121,112,115.5,-4.5,-3.75,121.7,124.2,127.275,134.5833,128.9625,345,152,0,0,0,0,0,0,-18725,412,3531,3547,3540,0,0,0,63,36,18,3594,3583,3559,0
2023/7/4,115.5,119,114,118.5,3,2.5974,120.3,123.25,126.9,134.2167,129.1608,161,166,0,0,0,0,0,0,-18777,-52,3526,3543,3540,0,0,0,0,25,18,3526,3567,3558,0
2023/7/5,119.5,121.5,118.5,121.5,3,2.5316,119.7,122.65,126.525,133.8833,129.3875,152,182,0,0,0,0,0,0,-18927,-150,3553,3543,3543,0,0,0,41,33,22,3594,3576,3565,0
2023/7/6,120.5,124,117.5,118,-3.5,-2.8807,118.7,121.85,125.825,133.55,129.5867,169,190,0,0,0,0,0,0,-19310,-383,3556,3544,3546,0,0,0,38,28,26,3594,3572,3572,0
2023/7/7,117,119,113.5,115,-3,-2.5424,117.7,120.75,124.8,133.1667,129.7642,236,212,0,0,0,0,0,0,-19838,-528,3593,3552,3551,0,0,0,37,36,30,3630,3588,3581,0
2023/7/10,115,116,113,115,0,0,117.6,119.65,123.85,132.7833,129.945,154,174,0,0,0,0,0,0,-20007,-169,3615,3569,3558,0,0,0,35,30,33,3650,3599,3591,0
2023/7/11,120,120,115.5,116.5,1.5,1.3043,117.2,118.75,123.075,132.45,130.1408,51,152,0,0,0,0,0,0,-19809,198,3618,3587,3565,0,0,0,0,30,28,3618,3618,3592,0
2023/7/12,116.5,116.5,115,115,-1.5,-1.2876,115.9,117.8,122.325,132.075,130.3017,109,143,0,0,0,0,0,0,-20157,-348,3618,3600,3572,0,0,0,0,22,28,3618,3622,3599,0
2023/7/13,115,118,114,116,1,0.8696,115.5,117.1,121.7,131.7,130.4767,150,140,0,0,0,0,0,0,-20284,-127,3637,3617,3580,0,0,0,0,14,21,3637,3631,3602,0
2023/7/14,116,116,114,115,-1,-0.8621,115.5,116.6,121.05,131.3,130.6267,185,129,0,0,0,0,0,0,-19910,374,3629,3624,3588,0,0,0,37,14,25,3666,3638,3613,0
2023/7/17,114,115.5,112.5,115.5,0.5,0.4348,115.6,116.6,120.4,130.75,130.7933,147,128,0,0,0,0,0,0,-19669,241,3639,3628,3599,0,0,0,0,7,19,3639,3636,3617,0
2023/7/18,115,115,113.5,114,-1.5,-1.2987,115.1,116.15,119.7,130.3167,130.9308,103,138,0,0,0,0,0,0,-20147,-478,3636,3632,3610,0,0,0,0,7,19,3636,3639,3628,0
2023/7/19,116,118,113.5,116.5,2.5,2.193,115.4,115.65,119.15,130.0083,131.0875,189,154,0,0,0,0,0,0,-20504,-357,3647,3638,3619,0,0,0,36,15,18,3683,3652,3637,0
2023/7/20,117,118,116,118,1.5,1.2876,115.8,115.65,118.75,129.7167,131.2383,109,146,0,0,0,0,0,0,-20102,402,3655,3641,3629,0,0,0,0,15,14,3655,3656,3643,0
2023/7/21,117,118.5,117,118.5,0.5,0.4237,116.5,116,118.375,129.425,131.405,67,123,0,0,0,0,0,0,-20358,-256,3662,3648,3636,0,0,0,0,7,11,3662,3655,3647,0
2023/7/24,118.5,119.5,117.5,118,-0.5,-0.4219,117,116.3,117.975,129.1333,131.5692,73,108,0,0,0,0,0,0,-20827,-469,3651,3650,3639,0,0,0,0,7,7,3651,3658,3647,0
2023/7/25,117.5,118.5,117,118,0,0,117.8,116.45,117.6,128.7917,131.725,40,95,0,0,0,0,0,0,-20476,351,3657,3655,3643,0,0,0,0,7,7,3657,3662,3651,0
2023/7/26,118,119,117.5,117.5,-0.5,-0.4237,118,116.7,117.25,128.4333,131.8792,84,74,0,0,0,0,0,0,-20578,-102,3652,3656,3647,0,0,0,0,0,7,3652,3656,3654,0
2023/7/27,117.5,118,116,117.5,0,0,117.9,116.85,116.975,128.0333,132.0208,118,76,0,0,0,0,0,0,-20028,550,3647,3654,3648,0,0,0,0,0,7,3647,3654,3655,0
2023/7/28,119,123,117.5,123,5.5,4.6809,118.8,117.65,117.125,127.625,132.2042,133,89,0,0,0,0,0,0,-20045,-17,3659,3653,3651,0,0,0,0,0,4,3659,3653,3654,0
2023/7/31,123,123.5,120.5,121.5,-1.5,-1.2195,119.5,118.25,117.425,127.2333,132.2958,76,90,0,0,0,0,0,0,-20232,-187,3648,3653,3652,0,0,0,0,0,4,3648,3653,3655,0
2023/8/1,121.5,121.5,118,119,-2.5,-2.0576,119.7,118.75,117.45,126.7917,132.325,82,98,0,0,0,0,0,0,-20224,8,3625,3646,3650,0,0,0,0,0,4,3625,3646,3654,0
2023/8/2,119,119,115,116,-3,-2.521,119.4,118.7,117.175,126.25,132.3708,147,111,0,0,0,0,0,0,-20860,-636,3610,3638,3647,0,0,0,0,0,0,3610,3638,3647,0
2023/8/4,118,118.5,115,117,1,0.8621,119.3,118.6,117.125,125.8167,132.4375,113,110,0,0,0,0,0,0,-20548,312,3600,3629,3641,0,0,0,0,0,0,3600,3629,3641,0
2023/8/7,116.5,119.5,116.5,119.5,2.5,2.1368,118.6,118.7,117.35,125.4833,132.5,38,91,0,0,0,0,0,0,-20401,147,3595,3616,3635,0,0,0,35,7,4,3630,3623,3638,0
2023/8/8,119.5,119.5,118.5,119.5,0,0,118.2,118.85,117.575,125.1667,132.55,34,82,0,0,0,0,0,0,-20874,-473,3581,3602,3628,0,0,0,34,14,7,3615,3616,3634,0
2023/8/9,118.5,119.5,117.5,119,-0.5,-0.4184,118.2,118.95,117.7,124.8333,132.5083,86,83,0,0,0,0,0,0,-21132,-258,3551,3588,3617,0,0,0,0,14,7,3551,3601,3624,0
2023/8/10,118,118,113,115,-4,-3.3613,118,118.7,117.7,124.4417,132.3375,178,89,0,0,0,0,0,0,-21837,-705,3515,3569,3603,0,0,0,0,14,7,3515,3582,3610,0
2023/8/11,114.5,115,113,113.5,-1.5,-1.3043,117.3,118.3,117.575,124,132.1708,221,111,0,0,0,0,0,0,-21923,-86,3465,3542,3585,0,0,0,13,16,8,3478,3558,3593,0
2023/8/14,114,115,110,112,-1.5,-1.3216,115.8,117.2,117.425,123.5417,132,109,125,0,0,0,0,0,0,-22671,-748,3457,3514,3565,0,0,0,0,9,8,3457,3523,3573,0
2023/8/15,111.5,114,110,112.5,0.5,0.4464,114.4,116.3,117.275,123.125,131.85,60,130,0,0,0,0,0,0,-22344,327,3458,3489,3546,0,0,0,0,3,8,3458,3492,3554,0
2023/8/16,110,110.5,108,109.5,-3,-2.6667,112.5,115.35,117.05,122.6583,131.6833,88,131,0,0,0,0,0,0,-22597,-253,3450,3469,3528,0,0,0,0,3,8,3450,3472,3537,0
2023/8/17,109,110.5,105.5,109.5,0,0,111.4,114.7,116.7,122.2,131.5083,72,110,0,0,0,0,0,0,-22182,415,3448,3456,3512,0,0,0,12,5,9,3460,3461,3522,0
2023/8/18,107,109,104,106,-3.5,-3.1963,109.9,113.6,116.1,121.7,131.2583,135,92,0,0,0,0,0,0,-22467,-285,3430,3449,3495,0,0,0,12,5,11,3442,3454,3506,0
2023/8/21,106,108,101,108,2,1.8868,109.1,112.45,115.575,121.25,131.0333,108,92,0,0,0,0,0,0,-22419,48,3434,3444,3479,0,0,0,12,7,8,3446,3451,3487,0
2023/8/22,106,106,103,103.5,-4.5,-4.1667,107.3,110.85,114.85,120.7583,130.7958,46,89,0,0,0,0,0,0,-22775,-356,3421,3437,3463,0,0,0,0,7,5,3421,3444,3468,0
2023/8/23,106.5,106.5,103.5,103.5,0,0,106.1,109.3,114.125,120.3083,130.5458,24,77,0,0,0,0,0,0,-22508,267,3415,3430,3449,0,0,0,12,10,6,3427,3439,3456,0
2023/8/24,107,107,103,105.5,2,1.9324,105.3,108.35,113.525,119.9167,130.3292,72,77,0,0,0,0,0,0,-22492,16,3418,3424,3440,0,0,0,0,7,6,3418,3431,3446,0
2023/8/25,105.5,105.5,103,103,-2.5,-2.3697,104.7,107.3,112.8,119.4333,130.0875,34,56,0,0,0,0,0,0,-22536,-44,3418,3421,3435,0,0,0,0,5,5,3418,3426,3440,0
2023/8/28,103,103,101,101.5,-1.5,-1.4563,103.4,106.25,111.725,118.9333,129.7667,47,44,0,0,0,0,0,0,-22793,-257,3416,3418,3431,0,0,0,0,2,5,3416,3420,3436,0
2023/8/29,101.5,102.5,99.9,102.5,1,0.9852,103.2,105.25,110.775,118.4917,129.325,82,51,0,0,0,0,0,0,-22381,412,3419,3417,3427,0,0,0,0,2,5,3419,3420,3432,0
2023/8/30,103,104.5,103,103,0.5,0.4878,103.1,104.6,109.975,118.1083,129.175,23,51,0,0,0,0,0,0,-21880,501,3415,3417,3424,0,0,0,0,0,5,3415,3417,3428,0
2023/8/31,103,103.5,102.5,103,0,0,102.6,103.95,109.325,117.675,128.925,22,41,0,0,0,0,0,0,-21625,255,3409,3416,3420,0,0,0,0,0,4,3409,3416,3423,0
2023/9/1,103,103,101.5,101.5,-1.5,-1.4563,102.3,103.5,108.55,117.1667,128.5875,55,45,0,0,0,0,0,0,-21313,312,3406,3413,3417,0,0,0,0,0,2,3406,3413,3420,0
2023/9/4,101.5,102,101,102,0.5,0.4926,102.4,102.9,107.675,116.6083,128.275,36,43,0,0,0,0,0,0,-21086,227,3392,3408,3413,0,0,0,0,0,1,3392,3408,3414,0
2023/9/5,102,102,102,102,0,0,102.3,102.75,106.8,116.075,127.9667,8,28,0,0,0,0,0,0,-20966,120,3392,3403,3410,0,0,0,0,0,1,3392,3403,3411,0
2023/9/6,101.5,102.5,101.5,101.5,-0.5,-0.4902,102,102.55,105.925,115.5667,127.6042,31,30,0,0,0,0,0,0,-21267,-301,3388,3398,3407,0,0,0,0,0,0,3388,3398,3407,0
2023/9/7,101.5,107,101.5,107,5.5,5.4187,102.8,102.7,105.525,115.1833,127.2083,75,41,0,0,0,0,0,0,-21597,-330,3385,3393,3404,0,0,0,5,1,0,3390,3394,3405,0
2023/9/8,105.5,108.5,105.5,108.5,1.5,1.4019,104.2,103.25,105.275,114.85,126.8,39,37,0,0,0,0,0,0,-21732,-135,3369,3385,3399,0,0,0,0,1,0,3369,3386,3400,0
2023/9/11,109,111,108.5,110,1.5,1.3825,105.8,104.1,105.175,114.55,126.4458,109,52,0,0,0,0,0,0,-22127,-395,3345,3376,3392,0,0,0,0,1,0,3345,3377,3393,0
2023/9/12,111.5,114,110.5,111.5,1.5,1.3636,107.7,105,105.125,114.2667,126.1042,140,78,0,0,0,0,0,0,-21870,257,3320,3362,3382,0,0,0,0,1,0,3320,3363,3383,0
2023/9/13,112.5,115,111.5,111.5,0,0,109.7,105.85,105.225,113.9917,125.7625,112,95,0,0,0,0,0,0,-21591,279,3292,3342,3370,0,0,0,0,1,0,3292,3343,3370,0
2023/9/14,111.5,114,111.5,113,1.5,1.3453,110.9,106.85,105.4,113.75,125.4542,47,89,0,0,0,0,0,0,-21030,561,3290,3323,3358,0,0,0,0,0,0,3290,3323,3359,0
2023/9/15,113,116.5,113,115,2,1.7699,112.2,108.2,105.85,113.5667,125.1583,165,114,0,0,0,0,0,0,-21106,-76,3284,3306,3346,0,0,0,0,0,0,3284,3306,3346,0
2023/9/18,115,116,115,115,0,0,113.2,109.5,106.2,113.3833,124.8708,50,102,0,0,0,0,0,0,-21115,-9,3280,3293,3335,0,0,0,4,1,1,3284,3294,3336,0
2023/9/19,116,116,114.5,114.5,-0.5,-0.4348,113.8,110.75,106.75,113.1917,124.5792,20,78,0,0,0,0,0,0,-21451,-336,3274,3284,3323,0,0,0,0,1,1,3274,3285,3324,0
2023/9/20,114,114,111,112.5,-2,-1.7467,114,111.85,107.2,112.975,124.2917,29,62,0,0,0,0,0,0,-21830,-379,3263,3278,3310,0,0,0,0,1,1,3263,3279,3311,0
2023/9/21,112.5,113.5,111,111.5,-1,-0.8889,113.7,112.3,107.5,112.7583,124.0625,33,59,0,0,0,0,0,0,-22543,-713,3252,3271,3297,0,0,0,2,1,1,3254,3272,3298,0
2023/9/22,111,112,111,111.5,0,0,113,112.6,107.925,112.5667,123.8625,44,35,0,0,0,0,0,0,-22370,173,3261,3266,3286,0,0,0,0,1,1,3261,3267,3287,0
2023/9/25,112,112,109,109,-2.5,-2.2422,111.8,112.5,108.3,112.3833,123.6458,54,36,0,0,0,0,0,0,-21995,375,3249,3260,3277,0,0,0,0,0,1,3249,3260,3277,0
2023/9/26,108.5,109.5,107,107,-2,-1.8349,110.3,112.05,108.525,112.2417,123.4125,36,39,0,0,0,0,0,0,-22616,-621,3234,3252,3268,0,0,0,1,1,1,3235,3253,3269,0
2023/9/27,108,108,106,107,0,0,109.2,111.6,108.725,112.05,123.1333,38,41,0,0,0,0,0,0,-22733,-117,3228,3245,3262,0,0,0,0,1,1,3228,3246,3262,0
2023/9/28,108,112.5,108,112.5,5.5,5.1402,109.4,111.55,109.2,111.9,122.8917,150,64,0,0,0,0,0,0,-22485,248,3228,3240,3255,0,0,0,0,0,1,3228,3240,3256,0
2023/10/2,113.5,113.5,109.5,110,-2.5,-2.2222,109.1,111.05,109.625,111.7667,122.6583,50,65,0,0,0,0,0,0,-22129,356,3218,3232,3249,0,0,0,0,0,1,3218,3232,3250,0
2023/10/3,110,110,108.5,108.5,-1.5,-1.3636,109,110.4,109.95,111.6583,122.4125,36,62,0,0,0,0,0,0,-22482,-353,3191,3220,3240,0,0,0,0,0,0,3191,3220,3240,0
2023/10/4,107.5,109,106.5,108,-0.5,-0.4608,109.2,109.75,110.25,111.5417,122.1625,25,59,0,0,0,0,0,0,-22983,-501,3187,3211,3231,0,0,0,0,0,0,3187,3211,3232,0
2023/10/5,107.5,110.5,107.5,109.5,1.5,1.3889,109.7,109.45,110.65,111.425,121.9375,14,55,0,0,0,0,0,0,-22484,499,3182,3201,3223,0,0,0,0,0,0,3182,3201,3223,0
2023/10/6,109,110,108.5,108.5,-1,-0.9132,108.9,109.15,110.725,111.3167,121.6958,25,30,0,0,0,0,0,0,-22413,71,3167,3189,3215,0,0,0,0,0,0,3167,3189,3215,0
2023/10/11,109,109,108,108,-0.5,-0.4608,108.5,108.8,110.7,111.1833,121.4417,53,30,0,0,0,0,0,0,-22615,-202,3153,3176,3204,0,0,0,0,0,0,3153,3176,3204,0
2023/10/12,107.5,110.5,107.5,110.5,2.5,2.3148,108.9,108.95,110.725,111.1083,121.2042,31,29,0,0,0,0,0,0,-22054,561,3153,3169,3194,0,0,0,0,0,0,3153,3169,3194,0
2023/10/13,110,110,108.5,108.5,-2,-1.81,109,109.1,110.575,110.9917,120.8708,24,29,0,0,0,0,0,0,-22392,-338,3150,3161,3186,0,0,0,0,0,0,3150,3161,3186,0
2023/10/16,108.5,109.5,107.5,108.5,0,0,108.8,109.25,110.425,110.9,120.6083,26,31,0,0,0,0,0,0,-22780,-388,3138,3152,3177,0,0,0,0,0,0,3138,3152,3177,0
2023/10/17,109.5,109.5,107.5,109.5,1,0.9217,109,108.95,110.25,110.7833,120.3958,35,33,0,0,0,0,0,0,-23155,-375,3127,3144,3167,0,0,0,0,0,0,3127,3144,3167,0
2023/10/18,112.5,112.5,108,110,0.5,0.4566,109.4,108.95,110,110.65,120.1833,22,27,0,0,0,0,0,0,-23621,-466,3108,3135,3156,0,0,0,1,0,0,3109,3136,3156,0
2023/10/19,108,108,108,108,-2,-1.8182,108.9,108.9,109.65,110.475,119.95,1,21,0,0,0,0,0,0,-23719,-98,3107,3126,3147,0,0,0,0,0,0,3107,3126,3147,0
2023/10/20,108,108,104.5,105,-3,-2.7778,108.2,108.6,109.175,110.2583,119.6958,80,32,0,0,0,0,0,0,-24197,-478,3073,3111,3136,0,0,0,5,1,1,3078,3112,3137,0
2023/10/23,106,106.5,102,105,0,0,107.5,108.15,108.8,110.0417,119.4167,67,41,0,0,0,0,0,0,-24293,-96,3066,3096,3124,0,0,0,3,2,1,3069,3098,3125,0
2023/10/24,104.5,105.5,103.5,105.5,0.5,0.4762,106.7,107.85,108.5,109.8417,119.1375,34,40,0,0,0,0,0,0,-23920,373,3062,3083,3114,0,0,0,1,2,1,3063,3085,3115,0
2023/10/25,106,106,104,104,-1.5,-1.4218,105.5,107.45,108.125,109.6167,118.825,31,42,0,0,0,0,0,0,-23472,448,3061,3074,3105,0,0,0,1,2,1,3062,3076,3106,0
2023/10/26,104,104,104,104,0,0,104.7,106.8,107.875,109.3,118.4625,2,42,0,0,0,0,0,0,-24162,-690,3061,3065,3095,0,0,0,0,2,1,3061,3067,3097,0
2023/10/27,106.5,106.5,104.5,104.5,0.5,0.4808,104.6,106.4,107.75,109.0167,118.125,11,29,0,0,0,0,0,0,-24034,128,3061,3062,3087,0,0,0,0,1,1,3061,3063,3088,0
2023/10/30,111,112.5,107,109,4.5,4.3062,105.4,106.45,107.85,108.85,117.8208,22,20,0,0,0,0,0,0,-23964,70,3061,3061,3079,0,0,0,0,0,1,3061,3062,3080,0
2023/10/31,111,111.5,106,106,-3,-2.7523,105.5,106.1,107.525,108.6833,117.4667,47,22,0,0,0,0,0,0,-24590,-626,3061,3061,3072,0,0,0,2,1,1,3063,3062,3074,0
2023/11/1,110,110,106,106,0,0,105.9,105.7,107.325,108.5,117.1583,21,20,0,0,0,0,0,0,-24382,208,3062,3061,3068,0,0,0,1,1,1,3063,3062,3069,0
2023/11/2,110,110,108,109,3,2.8302,106.9,105.8,107.35,108.325,116.9042,10,22,0,0,0,0,0,0,-23723,659,3062,3062,3063,0,0,0,0,1,1,3062,3062,3065,0
2023/11/3,108.5,109,105,108.5,-0.5,-0.4587,107.7,106.15,107.375,108.1417,116.6542,30,26,0,0,0,0,0,0,-23402,321,3061,3062,3062,0,0,0,0,1,1,3061,3062,3063,0
2023/11/6,108,110.5,108,109.5,1,0.9217,107.8,106.6,107.375,107.9833,116.4083,86,38,0,0,0,0,0,0,-22743,659,3068,3063,3062,0,0,0,0,1,0,3068,3064,3063,0
2023/11/7,109,110,109,110,0.5,0.4566,108.6,107.05,107.45,107.9,116.1708,31,35,0,0,0,0,0,0,-22825,-82,3077,3066,3064,0,0,0,1,0,0,3078,3067,3064,0
2023/11/8,109,109.5,108,109,-1,-0.9091,109.2,107.55,107.5,107.825,115.9125,25,36,0,0,0,0,0,0,-22725,100,3080,3070,3066,0,0,0,0,0,0,3080,3070,3066,0
2023/11/9,110,112.5,108,110,1,0.9174,109.4,108.15,107.475,107.7917,115.6667,119,58,0,0,0,0,0,0,-23003,-278,3076,3073,3067,0,0,0,0,0,0,3076,3073,3068,0
2023/11/10,109,111,108,110.5,0.5,0.4545,109.8,108.75,107.575,107.7583,115.4417,64,65,0,0,0,0,0,0,-23318,-315,3089,3078,3070,0,0,0,1,0,0,3090,3079,3070,0
2023/11/13,106.5,110,106.5,110,-0.5,-0.4525,109.9,108.85,107.65,107.7667,115.2125,52,58,0,0,0,0,0,0,-23292,26,3092,3083,3073,0,0,0,0,0,0,3092,3083,3074,0
2023/11/14,109.5,111.5,109,110.5,0.5,0.4545,110,109.3,107.7,107.7833,114.9917,37,59,0,0,0,0,0,0,-23022,270,3092,3086,3076,0,0,0,0,0,0,3092,3086,3076,0
2023/11/15,108.5,112,108,111.5,1,0.905,110.5,109.85,107.775,107.875,114.7875,127,79,0,0,0,0,0,0,-22457,565,3130,3096,3083,0,0,0,2,1,0,3132,3097,3083,0
2023/11/16,111,111.5,109.5,111.5,0,0,110.8,110.1,107.95,107.9333,114.5917,43,64,0,0,0,0,0,0,-22174,283,3134,3108,3090,0,0,0,0,1,0,3134,3108,3091,0
2023/11/17,111,111.5,105,110,-1.5,-1.3453,110.7,110.25,108.2,108.0417,114.4,647,181,0,0,0,0,0,0,-21875,299,3171,3124,3101,0,0,0,2,1,1,3173,3125,3102,0
2023/11/20,110,111,107.5,111,1,0.9091,110.9,110.4,108.5,108.1667,114.2375,80,186,0,0,0,0,0,0,-21557,318,3170,3140,3111,0,0,0,2,1,1,3172,3141,3112,0
2023/11/21,110,110.5,108.5,110,-1,-0.9009,110.8,110.4,108.725,108.2417,114.0792,32,185,0,0,0,0,0,0,-21207,350,3183,3158,3122,0,0,0,0,1,1,3183,3159,3123,0
2023/11/22,109,111,108,110,0,0,110.5,110.5,109.025,108.3583,113.8958,47,169,0,0,0,0,0,0,-21097,110,3181,3168,3132,0,0,0,0,1,1,3181,3169,3133,0
2023/11/23,110,110,108,110,0,0,110.2,110.5,109.325,108.5,113.7167,35,168,0,0,0,0,0,0,-21036,61,3179,3177,3142,0,0,0,0,1,1,3179,3178,3143,0
2023/11/24,109.5,110,108,109.5,-0.5,-0.4545,110.1,110.4,109.575,108.6167,113.5542,50,48,0,0,0,0,0,0,-21131,-95,3183,3179,3152,0,0,0,0,0,1,3183,3180,3152,0
2023/11/27,109,110.5,108.5,110,0.5,0.4566,109.9,110.4,109.625,108.7333,113.4208,55,43,0,0,0,0,0,0,-21501,-370,3182,3182,3161,0,0,0,0,0,1,3182,3182,3161,0
2023/11/28,109.5,111,109,110.5,0.5,0.4545,110,110.4,109.85,108.8583,113.2667,92,55,0,0,0,0,0,0,-20809,692,3193,3184,3171,0,0,0,0,0,1,3193,3184,3171,0
2023/11/29,110,111,108.5,110,-0.5,-0.4525,110,110.25,110.05,109,113.0833,37,53,0,0,0,0,0,0,-20800,9,3187,3185,3177,0,0,0,0,0,0,3187,3185,3177,0
2023/11/30,109,109.5,107.5,109.5,-0.5,-0.4545,109.9,110.05,110.075,109.125,112.8667,80,62,0,0,0,0,0,0,-20682,118,3187,3187,3182,0,0,0,0,0,0,3187,3187,3182,0
2023/12/1,109,110,108,110,0.5,0.4566,110,110.05,110.15,109.2583,112.6667,21,57,0,0,0,0,0,0,-20496,186,3190,3188,3184,0,0,0,0,0,0,3190,3188,3184,0
2023/12/4,109,110.5,107,110,0,0,110,109.95,110.175,109.4,112.4833,109,67,0,0,0,0,0,0,-20336,160,3182,3188,3185,0,0,0,0,0,0,3182,3188,3185,0
2023/12/5,109.5,109.5,108,109.5,-0.5,-0.4545,109.8,109.9,110.15,109.4417,112.3125,79,65,0,0,0,0,0,0,-20616,-280,3179,3185,3185,0,0,0,0,0,0,3179,3185,3185,0
2023/12/6,109,110,108,108,-1.5,-1.3699,109.4,109.7,110.1,109.4333,112.1417,77,73,0,0,0,0,0,0,-20568,48,3176,3183,3184,0,0,0,0,0,0,3176,3183,3184,0
2023/12/7,109,109.5,106,109,1,0.9259,109.3,109.6,110.05,109.4167,111.9833,130,83,0,0,0,0,0,0,-20897,-329,3173,3180,3183,0,0,0,0,0,0,3173,3180,3183,0
2023/12/8,108,109,105.5,107,-2,-1.8349,108.7,109.35,109.875,109.3417,111.8042,68,92,0,0,0,0,0,0,-20749,148,3176,3177,3183,0,0,0,0,0,0,3176,3177,3183,0
2023/12/11,108.5,114,108.5,112.5,5.5,5.1402,109.2,109.6,110,109.3583,111.675,242,119,0,0,0,0,0,0,-20889,-140,3186,3178,3183,0,0,0,3,1,0,3189,3179,3183,0
2023/12/12,112.5,114,112,114,1.5,1.3333,110.1,109.95,110.175,109.375,111.5625,111,125,0,0,0,0,0,0,-20991,-102,3196,3182,3183,0,0,0,0,1,0,3196,3182,3184,0
2023/12/13,113.5,117.5,113.5,117,3,2.6316,111.9,110.65,110.45,109.4083,111.4875,114,133,0,0,0,0,0,0,-21087,-96,3201,3187,3185,0,0,0,0,1,0,3201,3187,3185,0
2023/12/14,116.5,122.5,116,121.5,4.5,3.8462,114.4,111.85,110.95,109.5167,111.45,176,142,0,0,0,0,0,0,-20750,337,3223,3197,3188,0,0,0,0,1,0,3223,3197,3189,0
2023/12/15,123.5,124,120,121.5,0,0,117.3,113,111.525,109.6333,111.4125,123,153,0,0,0,0,0,0,-20651,99,3222,3206,3192,0,0,0,0,1,0,3222,3206,3192,0
2023/12/18,124,124,122,123,1.5,1.2346,119.4,114.3,112.125,109.8083,111.3917,128,130,0,0,0,0,0,0,-20901,-250,3219,3212,3195,0,0,0,0,0,0,3219,3212,3196,0
2023/12/19,124,124.5,121,123,0,0,121.2,115.65,112.775,110,111.3792,98,127,0,0,0,0,0,0,-21426,-525,3202,3214,3198,0,0,0,0,0,0,3202,3214,3198,0
2023/12/20,121.5,124,121.5,123,0,0,122.4,117.15,113.425,110.1917,111.3792,50,115,0,0,0,0,0,0,-21023,403,3208,3215,3201,0,0,0,1,0,0,3209,3215,3201,0
2023/12/21,123,131.5,123,130,7,5.6911,124.1,119.25,114.425,110.5417,111.4625,389,157,0,0,0,0,0,0,-21402,-379,3275,3225,3211,0,0,0,0,0,0,3275,3226,3211,0
2023/12/22,129.5,136,129.5,131.5,1.5,1.1538,126.1,121.7,115.525,110.95,111.5958,298,192,0,0,0,0,0,0,-21583,-181,3270,3235,3220,0,0,0,0,0,0,3270,3235,3221,0
2023/12/25,131.5,131.5,129,130,-1.5,-1.1407,127.5,123.45,116.525,111.3333,111.6917,104,187,0,0,0,0,0,0,-21741,-158,3268,3245,3229,0,0,0,0,0,0,3268,3245,3229,0
2023/12/26,130,130.5,127,130.5,0.5,0.3846,129,125.1,117.525,111.6333,111.7667,153,198,0,0,0,0,0,0,-21107,634,3294,3263,3238,0,0,0,0,0,0,3294,3263,3239,0
2023/12/27,130,132,130,130.5,0,0,130.5,126.45,118.55,111.975,111.8708,93,207,0,0,0,0,0,0,-20977,130,3308,3283,3249,0,0,0,0,0,0,3308,3283,3249,0
2023/12/28,130.5,132,130,130.5,0,0,130.6,127.35,119.6,112.3417,112,54,140,0,0,0,0,0,0,-20917,60,3315,3291,3258,0,0,0,0,0,0,3315,3291,3258,0
2023/12/29,130,131,129.5,130.5,0,0,130.4,128.25,120.625,112.7167,112.1292,119,104,0,0,0,0,0,0,-20949,-32,3293,3296,3265,0,0,0,0,0,0,3293,3296,3266,0
2024/1/2,130.5,133,130.5,132,1.5,1.1494,130.8,129.15,121.725,113.0917,112.2583,93,102,0,0,0,0,0,0,-21012,-63,3313,3305,3275,0,0,0,0,0,0,3313,3305,3275,0
2024/1/3,130.5,131,128,130.5,-1.5,-1.1364,130.8,129.9,122.775,113.4583,112.3875,164,104,0,0,0,0,0,0,-21543,-531,3309,3308,3286,0,0,0,0,0,0,3309,3308,3286,0
2024/1/4,130,131.5,130,130,-0.5,-0.3831,130.7,130.6,123.875,113.825,112.5042,56,97,0,0,0,0,0,0,-21799,-256,3310,3308,3296,0,0,0,0,0,0,3310,3308,3296,0
2024/1/5,130,131,129.5,130,0,0,130.6,130.6,124.925,114.15,112.6292,135,113,0,0,0,0,0,0,-21685,114,3319,3309,3300,0,0,0,0,0,0,3319,3309,3300,0
2024/1/8,130,131.5,129.5,129.5,-0.5,-0.3846,130.4,130.4,126.05,114.5,112.7458,113,112,0,0,0,0,0,0,-21817,-132,3338,3318,3307,0,0,0,0,0,0,3338,3318,3307,0
2024/1/9,129.5,129.5,129,129,-0.5,-0.3861,129.8,130.3,126.875,114.8417,112.8708,51,103,0,0,0,0,0,0,-22366,-549,3331,3322,3313,0,0,0,0,0,0,3331,3322,3313,0
2024/1/10,129,130,127.5,130,1,0.7752,129.7,130.25,127.675,115.1833,112.9833,97,90,0,0,0,0,0,0,-22802,-436,3334,3327,3317,0,0,0,0,0,0,3334,3327,3317,0
2024/1/11,130,130,127,129.5,-0.5,-0.3846,129.6,130.15,128.3,115.5083,113.0792,146,108,0,0,0,0,0,0,-22494,308,3349,3334,3321,0,0,0,0,0,0,3349,3334,3321,0
2024/1/12,128.5,131.5,128.5,130.5,1,0.7722,129.7,130.15,128.75,115.8833,113.1792,188,119,15,3,1.5,0,0,0,-22821,-327,3384,3347,3328,0,0,0,0,0,0,3384,3347,3328,0
2024/1/15,130.5,138,130.5,132,1.5,1.1494,130.2,130.3,129.275,116.3333,113.2958,373,171,48,12.6,6.3,0,0,0,-22619,202,3358,3351,3335,0,0,0,0,0,0,3358,3351,3335,0
2024/1/16,133.5,134.5,131,131,-1,-0.7576,130.6,130.2,129.675,116.7667,113.4042,194,199,57,24,12,0,0,0,-23301,-682,3249,3335,3328,0,0,0,0,0,0,3249,3335,3328,0
2024/1/17,129.5,136.5,129.5,135.5,4.5,3.4351,131.7,130.7,130.3,117.2667,113.5542,339,248,99,43.8,21.9,0,0,0,-23990,-689,3275,3323,3325,0,0,0,0,0,0,3275,3323,3325,0
2024/1/18,135.5,136.5,133.5,135.5,0,0,132.9,131.25,130.925,117.7917,113.7042,124,243,130,69.8,34.9,0,0,0,-24028,-38,3258,3305,3320,0,0,0,0,0,0,3258,3305,3320,0
2024/1/19,135,139,135,139,3.5,2.583,134.6,132.15,131.375,118.375,113.8375,408,287,138,94.4,48.7,0,0,0,-23684,344,3273,3283,3315,0,0,0,0,0,0,3273,3283,3315,0
2024/1/22,141,142,138.5,140,1,0.7194,136.2,133.2,131.8,118.9667,113.9917,674,347,163,117.4,65,0,0,0,-23274,410,3293,3270,3311,0,0,0,327,65,33,3620,3336,3344,0
2024/1/23,140,147,140,147,7,5,139.4,135,132.65,119.6,114.225,565,422,255,157,90.5,0,0,0,-22943,331,3407,3302,3319,0,0,0,305,126,63,3712,3428,3382,0
2024/1/24,147,151,146.5,149,2,1.3605,142.1,136.9,133.575,120.3167,114.5,613,476,257,188.6,116.2,5,1,0.5,-22716,227,3423,3332,3328,0,0,0,279,182,91,3702,3514,3419,0
2024/1/25,150,155,149,154,5,3.3557,145.8,139.35,134.75,121.1167,114.8083,655,583,407,244,156.9,18,4.6,2.3,-22984,-268,3520,3384,3345,0,0,0,250,232,116,3770,3616,3461,0
2024/1/26,154,160,154,158,4,2.5974,149.6,142.1,136.125,121.9333,115.1292,1022,705,573,331,212.7,249,54.4,27.2,-23044,-60,3825,3494,3389,0,0,0,241,280,140,4066,3775,3529,0
2024/1/29,157.5,158,153.5,156,-2,-1.2658,152.8,144.5,137.4,122.725,115.4333,480,667,623,423,270.2,303,115,57.5,-22690,354,3938,3623,3447,0,0,0,240,263,164,4178,3886,3611,0
2024/1/30,155,156.5,154,155.5,-0.5,-0.3205,154.5,146.95,138.575,123.4917,115.7375,737,701,748,521.6,339.3,244,163.8,81.9,-23094,-404,4241,3790,3546,0,0,0,239,250,188,4480,4040,3734,0
2024/1/31,155.5,156,148.5,150.5,-5,-3.2154,154.8,148.45,139.575,124.1667,116.0333,734,725,918,653.8,421.2,233,209.4,105.2,-23344,-250,4315,3969,3650,0,0,0,235,241,212,4550,4210,3862,0
2024/2/1,150.5,154.5,150.5,152.5,2,1.3289,154.5,150.15,140.7,124.8917,116.3583,466,687,987,769.8,506.9,78,221.4,113,-22978,366,4452,4155,3770,0,0,0,0,191,212,4452,4346,3981,0
2024/2/2,154,154,152,152,-0.5,-0.3279,153.3,151.45,141.8,125.5917,116.6917,341,551,1066,868.4,599.7,61,183.8,119.1,-23104,-126,4440,4278,3886,0,0,0,0,143,212,4440,4421,4098,0
2024/2/5,152.5,156,151.5,155,3,1.9737,153.1,152.95,143.075,126.3333,117.0458,583,572,1146,973,698,42,131.6,123.3,-23455,-351,4619,4414,4019,0,0,0,213,137,200,4832,4552,4219,0
2024/2/15,156,160.5,153.5,155,0,0,153,153.75,144.375,127.0833,117.425,727,570,1212,1065.8,793.7,91,101,132.4,-23182,273,4389,4444,4117,0,0,0,379,165,208,4768,4609,4325,0
2024/2/16,153,163.5,153,162,7,4.5161,155.3,155.05,145.975,127.9417,117.8625,931,609,1228,1127.8,890.8,187,91.8,150.6,-22620,562,4626,4506,4237,0,0,0,504,219,230,5130,4725,4467,0
2024/2/19,165,165.5,158,159.5,-2.5,-1.5432,156.7,155.6,147.475,128.7417,118.3083,754,667,1358,1202,985.9,241,124.4,172.9,-22119,501,4515,4519,4337,0,0,0,508,321,256,5023,4839,4593,0
2024/2/20,159.5,159.5,148,154,-5.5,-3.4483,157.1,155.2,148.65,129.45,118.6917,790,757,1427,1274.2,1071.3,211,154.4,169.1,-22322,-203,4367,4504,4391,0,0,0,423,405,274,4790,4909,4665,0
2024/2/21,154,154.5,151,152.5,-1.5,-0.974,156.6,154.85,149.675,130.1583,119.1,289,698,1493,1343.6,1158.3,169,179.8,155.7,-22186,136,4297,4440,4427,0,0,0,385,440,289,4682,4879,4716,0
2024/2/22,151.5,152,148,150,-2.5,-1.6393,155.6,154.3,150.625,130.8083,119.4875,422,637,1528,1406.8,1236.3,123,186.2,143.6,-22169,17,4279,4418,4431,0,0,0,189,402,284,4468,4819,4714,0
2024/2/23,149.5,152,149,150,0,0,153.2,154.25,151.35,131.475,119.8583,264,503,1546,1470.4,1299.1,64,161.6,126.7,-22583,-414,4284,4349,4428,0,0,0,0,301,260,4284,4650,4688,0
2024/2/26,150,157.5,149.5,153.5,3.5,2.3333,152,154.35,152.25,132.2,120.2792,392,431,1572,1513.2,1357.6,64,126.2,125.3,-22362,221,4311,4308,4414,0,0,0,187,237,279,4498,4545,4692,0
2024/2/27,153.5,157.5,153,155,1.5,0.9772,152.2,154.65,153.05,132.95,120.725,287,330,1566,1541,1407.6,64,96.8,125.6,-22823,-461,4285,4292,4398,0,0,0,186,189,297,4471,4481,4695,0
2024/2/29,155,162.5,155,161.5,6.5,4.1935,154,155.3,154.125,133.8167,121.2167,781,429,1564,1555.2,1449.4,69,76.8,128.3,-22463,360,4435,4319,4380,0,0,0,180,148,294,4615,4468,4674,0
2024/3/1,161.5,161.5,154,156,-5.5,-3.4056,155.2,155.4,154.575,134.5833,121.6583,723,489,1604,1570.4,1488.6,65,65.2,125.7,-22611,-148,4281,4320,4369,0,0,0,188,148,275,4469,4468,4644,0
2024/3/4,155,162,155,160,4,2.5641,157.2,155.2,155.125,135.4083,122.1333,920,620,1751,1611.4,1540.9,85,69.4,115.5,-22646,-35,4642,4391,4370,0,0,0,80,164,233,4722,4555,4603,0
2024/3/5,159,162,158,158,-2,-1.25,158.1,155.05,155.325,136.2083,122.6042,258,593,1608,1618.6,1565.9,85,73.6,99.9,-22686,-40,4574,4444,4376,0,0,0,79,143,190,4653,4586,4566,0
2024/3/6,160,160,155,155.5,-2.5,-1.5823,158.2,155.2,155.2,136.975,123.05,415,619,1564,1618.2,1579.6,56,72,84.4,-22586,100,4544,4495,4394,0,0,0,78,121,155,4622,4616,4549,0
2024/3/7,156,157,151,154,-1.5,-0.9646,156.7,155.35,155.1,137.7083,123.4833,313,525,1533,1612,1583.6,51,68.4,72.6,-23056,-470,4454,4499,4409,0,0,0,89,103,126,4543,4602,4535,0
2024/3/8,154,154.5,151.5,154,0,0,156.3,155.75,155.025,138.4417,123.9208,236,428,1544,1600,1585.2,0,55.4,60.3,-23682,-626,4460,4535,4427,0,0,0,94,84,116,4554,4619,4543,0
2024/3/11,154,154,148.5,149,-5,-3.2468,154.1,155.65,154.95,139.1,124.2708,395,323,1616,1573,1592.2,0,38.4,53.9,-23394,288,4471,4501,4446,0,0,0,101,88,126,4572,4589,4572,0
2024/3/12,150,150,145,148.5,-0.5,-0.3356,152.2,155.15,154.75,139.775,124.6042,496,371,1657,1582.8,1600.7,0,21.4,47.5,-22856,538,4500,4486,4465,0,0,0,79,88,115,4579,4574,4580,0
2024/3/13,154,156.5,150.5,156,7.5,5.0505,152.3,155.25,154.95,140.5583,124.9875,815,451,1671,1604.2,1611.2,1,10.4,41.2,-23342,-486,4885,4554,4525,0,0,0,44,81,101,4929,4635,4626,0
2024/3/14,157.5,163.5,156,161.5,5.5,3.5256,153.8,155.25,155.275,141.4667,125.4042,1721,732,1715,1640.6,1626.3,13,2.8,35.6,-23443,-101,5930,4849,4674,0,0,0,25,69,86,5955,4918,4760,0
2024/3/15,165,165,154,157.5,-4,-2.4768,154.5,155.4,155.4,142.2167,125.7875,644,814,1696,1671,1635.5,0,2.8,29.1,-23804,-361,5687,5095,4815,0,0,0,0,50,67,5687,5144,4882,0
2024/3/18,157.5,157.5,154.5,156,-1.5,-0.9524,155.9,155,155.1,142.9167,126.1458,205,776,1734,1694.6,1633.8,0,2.8,20.6,-23538,266,5612,5323,4912,0,0,0,0,30,59,5612,5352,4971,0
2024/3/19,156.5,157,154.5,155,-1,-0.641,157.2,154.7,154.875,143.55,126.4792,188,714,1784,1720,1651.4,0,2.8,12.1,-23596,-58,5582,5539,5013,0,0,0,0,14,51,5582,5553,5064,0
2024/3/20,158,158,151.5,153,-2,-1.2903,156.6,154.45,154.825,144.075,126.7958,287,609,1726,1731,1667.6,0,2.6,6.5,-23848,-252,5478,5658,5106,0,0,0,0,5,43,5478,5663,5149,0
2024/3/21,154,155.5,153,153,0,0,154.9,154.35,154.85,144.6,127.1167,198,304,1756,1739.2,1689.9,0,0,1.4,-23423,425,5537,5579,5214,0,0,0,0,0,34,5537,5579,5249,0
2024/3/22,153.5,155.5,152.5,154.5,1.5,0.9804,154.3,154.4,155.075,145.125,127.4667,203,216,1769,1753.8,1712.4,0,0,1.4,-23378,45,5584,5559,5327,0,0,0,0,0,25,5584,5559,5352,0
2024/3/25,156,159.5,154,156,1.5,0.9709,154.3,155.1,155.375,145.675,127.8375,587,292,1791,1765.2,1729.9,0,0,1.4,-23155,223,5660,5568,5446,0,0,0,0,0,15,5660,5568,5460,0
2024/3/26,157,162.5,157,161,5,3.2051,155.5,156.35,155.75,146.3083,128.25,1134,481,1911,1790.6,1755.3,0,0,1.4,-23632,-477,6342,5720,5630,0,0,0,1,0,7,6343,5721,5637,0
2024/3/27,162,162,157,159,-2,-1.2422,156.7,156.65,155.95,146.7917,128.6667,488,522,1924,1830.2,1780.6,0,0,1.3,-23216,416,6318,5888,5773,0,0,0,0,0,3,6318,5888,5776,0
2024/3/28,159.5,160,157.5,158.5,-0.5,-0.3145,157.8,156.35,155.8,147.2417,129.0958,148,512,1941,1867.2,1803.2,0,0,0,-23262,-46,6293,6039,5809,0,0,0,0,0,0,6293,6040,5809,0
2024/3/29,158,159,156,156.5,-2,-1.2618,158.2,156.25,155.825,147.6833,129.5083,527,576,2017,1916.8,1835.3,0,0,0,-23411,-149,6240,6171,5865,0,0,0,0,0,0,6240,6171,5865,0
2024/4/1,158.5,161.5,158.5,160.5,4,2.5559,159.1,156.7,155.85,148.1833,129.9083,753,610,2012,1961,1863.1,0,0,0,-22983,428,6634,6365,5967,0,0,0,6,1,1,6640,6367,5968,0
2024/4/2,161,161,159,159.5,-1,-0.6231,158.8,157.15,155.925,148.6667,130.3208,387,460,1983,1975.4,1883,0,0,0,-23088,-105,6655,6428,6074,0,0,0,0,1,1,6655,6429,6075,0
2024/4/3,157,160,157,158,-1.5,-0.9404,158.6,157.65,156.05,149.125,130.7333,232,409,1972,1985,1907.6,0,0,0,-23362,-274,6714,6507,6198,0,0,0,0,1,1,6714,6508,6198,0
2024/4/8,159,159.5,154,154,-4,-2.5316,157.7,157.75,156.05,149.5167,131.1167,426,465,2015,1999.8,1933.5,0,0,0,-23145,217,6622,6573,6306,0,0,0,0,1,1,6622,6574,6307,0
2024/4/9,155,156.5,153.5,156,2,1.2987,157.6,157.9,156.15,149.9167,131.5042,172,394,2030,2002.4,1959.6,0,0,0,-22870,275,6626,6650,6410,0,0,0,0,1,1,6626,6651,6411,0
2024/4/10,156,159,155,158.5,2.5,1.6026,157.2,158.15,156.625,150.3833,131.9208,418,327,2042,2008.4,1984.7,0,0,0,-22707,163,6753,6674,6520,0,0,0,0,0,1,6753,6674,6520,0
2024/4/11,160,174,159.5,170,11.5,7.2555,159.3,159.05,157.7,151.05,132.4375,1275,504,2214,2054.6,2015,12,2.4,1.2,-23089,-382,7029,6749,6588,0,0,0,6,1,1,7035,6750,6590,0
2024/4/12,170,180,167.5,179.5,9.5,5.5882,163.6,161.1,158.875,151.875,133.0125,876,633,2246,2109.4,2047.2,27,7.8,3.9,-23074,15,7039,6814,6661,0,0,0,8,3,2,7047,6817,6663,0
2024/4/15,180,187.5,178.5,186.5,7,3.8997,170.1,163.9,160.125,152.825,133.6625,1207,789,2314,2169.2,2084.5,152,38.2,19.1,-23512,-438,6916,6873,6723,0,0,0,9,5,3,6925,6877,6726,0
2024/4/16,186,187.5,179.5,187.5,1,0.5362,176.4,167,161.625,153.8,134.3208,870,929,2274,2218,2110.2,310,100.2,50.1,-24400,-888,7053,6958,6804,0,0,0,5,6,3,7058,6964,6808,0
2024/4/17,188.5,201,188,198,10.5,5.6,184.3,170.75,163.725,154.9333,135.0583,1726,1190,2464,2302.4,2155.4,552,210.6,105.3,-23678,722,7177,7043,6859,0,0,0,28,11,6,7205,7054,6864,0
2024/4/18,196,199.5,192,198,0,0,189.9,174.6,165.875,156.075,135.7917,720,1079,2489,2357.4,2206,566,321.4,161.9,-23441,237,7345,7107,6928,0,0,0,4,11,6,7349,7117,6934,0
2024/4/19,200,202,192,197,-1,-0.5051,193.4,178.5,168.075,157.1833,136.5333,919,1088,2494,2407,2258.2,582,432.4,220.1,-24219,-778,7461,7191,7002,0,0,0,0,9,6,7461,7200,7008,0
2024/4/22,198.5,200.5,185,185.5,-11.5,-5.8376,193.2,181.65,169.7,158.075,137.2042,1005,1048,2432,2430.6,2299.9,583,518.6,278.4,-24300,-81,7442,7296,7084,0,0,0,3,8,6,7445,7304,7091,0
2024/4/23,188,191,183,188.5,3,1.6173,193.4,184.9,171.4,159.0333,137.9,578,989,2388,2453.4,2335.7,607,578,339.1,-23773,527,7582,7402,7180,0,0,0,0,7,6,7582,7409,7186,0
2024/4/24,191,191,182.5,183.5,-5,-2.6525,190.5,187.4,172.775,159.8333,138.55,425,729,2403,2441.2,2371.8,606,588.8,399.7,-23256,517,7458,7458,7251,0,0,0,4,2,7,7462,7460,7257,0
2024/4/25,184,185.5,182,183.5,0,0,187.6,188.75,173.9,160.6333,139.2125,180,621,2403,2424,2390.7,594,594.4,457.9,-23467,-211,7447,7479,7293,0,0,0,0,1,6,7447,7480,7299,0
2024/4/26,183.5,183.5,180.5,181,-2.5,-1.3624,184.4,188.9,175,161.3333,139.8542,198,477,2407,2406.6,2406.8,585,595,513.7,-23235,232,7359,7458,7325,0,0,0,0,1,5,7359,7460,7330,0
2024/4/29,183.5,188,182,183.5,2.5,1.3812,184,188.6,176.25,162.0583,140.5125,242,324,2402,2400.6,2415.6,580,594.4,556.5,-22557,678,7349,7440,7368,0,0,0,5,2,5,7354,7442,7373,0
2024/4/30,186,191,184,190,6.5,3.5422,184.3,188.85,177.925,162.775,141.1875,240,257,2423,2407.6,2430.5,602,593.4,585.7,-22678,-121,7396,7403,7402,0,0,0,0,2,4,7396,7405,7407,0
2024/5/2,189.5,190,183,185,-5,-2.6316,184.6,187.55,179.15,163.375,141.8458,230,218,2392,2405.4,2423.3,602,592.6,590.7,-22465,213,7329,7377,7418,0,0,0,3,2,2,7332,7379,7420,0
2024/5/3,187,188.5,185,186,1,0.5405,185.1,186.35,180.475,163.9083,142.5125,66,195,2382,2401.2,2412.6,602,594.2,594.3,-22629,-164,7339,7355,7417,0,0,0,3,2,2,7342,7358,7419,0
2024/5/6,188,193,188,190,4,2.1505,186.9,185.65,182.075,164.4417,143.1875,255,206,2387,2397.2,2401.9,615,600.2,597.6,-22394,235,7419,7367,7413,0,0,0,0,2,2,7419,7370,7415,0
2024/5/7,192,192,186.5,187.5,-2.5,-1.3158,187.7,185.85,183.75,164.9667,143.8458,127,183,2379,2392.6,2396.6,615,607.2,600.8,-22596,-202,7395,7377,7408,0,0,0,0,1,2,7395,7378,7410,0
2024/5/8,187.5,191,183,183.5,-4,-2.1333,186.4,185.35,185.125,165.4333,144.4625,360,207,2398,2387.6,2397.6,607,608.2,600.8,-22665,-69,7406,7379,7391,0,0,0,5,2,2,7411,7381,7393,0
2024/5/9,180,180,165.5,173.5,-10,-5.4496,184.1,184.35,185.875,165.8167,144.9917,1499,461,1982,2305.6,2355.5,501,588,590.3,-23075,-410,7241,7361,7369,0,0,0,5,3,2,7246,7364,7371,0
2024/5/10,173.5,175.5,172,175.5,2,1.1527,182,183.55,186.15,166.2,145.5458,199,488,1984,2226,2313.6,498,567.2,580.7,-22909,166,7206,7334,7345,0,0,0,4,3,2,7210,7337,7347,0
2024/5/13,175.5,175.5,168,170,-5.5,-3.1339,178,182.45,185.675,166.5,146.0458,421,521,1978,2144.2,2270.7,495,543.2,571.7,-22962,-53,7070,7265,7316,0,0,0,0,3,2,7070,7267,7318,0
2024/5/14,170,171,168,170,0,0,174.5,181.1,184.85,166.75,146.5417,164,528,1989,2066.2,2229.4,479,516,561.6,-22969,-7,7051,7196,7286,0,0,0,9,5,3,7060,7200,7289,0
2024/5/15,169,172.5,169,170,0,0,171.8,179.1,183.975,167,147.0417,235,503,2012,1989,2188.3,456,485.8,547,-22850,119,7007,7116,7247,0,0,0,10,6,4,7017,7122,7251,0
2024/5/16,170,171,162.5,168,-2,-1.1765,170.7,177.4,182.475,167.1,147.5208,591,322,1954,1983.4,2144.5,443,474.2,531.1,-22342,508,7057,7079,7220,0,0,0,12,7,5,7069,7086,7225,0
2024/5/17,167,168,162,163,-5,-2.9762,168.2,175.1,180.725,167.1583,147.95,371,356,1938,1974.2,2100.1,422,459,513.1,-22263,79,6992,7036,7185,0,0,0,13,9,6,7005,7045,7191,0
2024/5/20,163,164,162,163.5,0.5,0.3067,166.9,172.45,179.05,167.3167,148.3833,180,308,1956,1969.8,2057,404,440.8,492,-22165,98,6998,7022,7143,0,0,0,6,10,6,7004,7032,7150,0
2024/5/21,166,171,166,168,4.5,2.7523,166.5,170.5,178.175,167.575,148.8667,227,320,1992,1970.4,2018.3,401,425.2,470.6,-22347,-182,6928,6997,7097,0,0,0,0,8,6,6928,7006,7103,0
2024/5/22,168.5,172.5,168,169,1,0.5952,166.3,169.05,177.2,167.8917,149.35,217,317,2020,1972,1980.5,405,415,450.4,-22163,184,6830,6962,7039,0,0,0,4,7,6,6834,6969,7045,0
2024/5/23,169,169.5,165.5,166,-3,-1.7751,165.9,168.3,176.325,168.1583,149.8167,198,238,2022,1985.6,1984.5,401,406.6,440.4,-22839,-676,6753,6901,6990,0,0,0,3,5,6,6756,6906,6996,0
2024/5/24,168,168,164,164,-2,-1.2048,166.1,167.15,175.35,168.3333,150.2667,171,198,2048,2007.6,1990.9,393,400.8,429.9,-22717,122,6742,6851,6944,0,0,0,6,4,6,6748,6855,6950,0
2024/5/27,164,174.5,164,171.5,7.5,4.5732,167.7,167.3,174.875,168.6083,150.7792,235,209,2049,2026.2,1998,396,399.2,420,-22325,392,6783,6808,6915,0,0,0,0,3,6,6783,6811,6921,0
2024/5/28,172.5,173,168.5,170,-1.5,-0.8746,168.1,167.3,174.2,168.75,151.2833,149,194,2061,2040,2005.2,393,397.6,411.4,-21785,540,6765,6776,6886,0,0,0,0,3,5,6765,6778,6892,0
2024/5/29,171,171,168.5,169,-1,-0.5882,168.1,167.2,173.15,168.9667,151.775,104,171,2066,2049.2,2010.6,393,395.2,405.1,-21915,-130,6739,6757,6860,0,0,0,0,2,4,6739,6759,6864,0
2024/5/30,167,169.5,167,167,-2,-1.1834,168.3,167.1,172.25,169.0833,152.2458,166,165,2077,2060.2,2022.9,392,393.4,400,-22414,-499,6706,6748,6825,0,0,0,10,3,4,6716,6751,6829,0
2024/5/31,168,169,160,160,-7,-4.1916,167.5,166.8,170.95,169.1167,152.6625,824,295,2101,2070.8,2039.2,380,390.8,395.8,-22187,227,6636,6727,6789,0,0,0,23,7,5,6659,6733,6794,0
