日期,開盤,最高,最低,收盤,漲跌,漲跌%,均價5,均價10,均價20,均價60,均價120,成交量,均量5,融資張數,均量5,均量10,融券張數,均量5,均量10,騰落指標,漲跌家數,外資庫存,均量5,均量10,投信庫存,均量5,均量10,自營商庫存,均量5,均量10,法人庫存,均量5,均量10,未平倉量
2022/12/9,42.6,46.15,42.6,46,0,0,,,,,,1,,0,,,0,,,-31936,-31936,0,,,0,,,0,,,0,,,0
2022/12/12,47,52.8,47,52.8,6.8,14.7826,,,,,,1,,0,,,0,,,-32054,-118,0,,,0,,,0,,,0,,,0
2022/12/13,51.7,53.5,49.35,50,-2.8,-5.303,,,,,,1,,0,,,0,,,-32210,-156,0,,,0,,,0,,,0,,,0
2022/12/14,51,55.6,51,55,5,10,,,,,,1,,0,,,0,,,-31876,334,0,,,0,,,0,,,0,,,0
2022/12/15,55.1,63.4,55.1,62,7,12.7273,53.16,,,,,1,1,0,0,,0,0,,-31754,122,0,0,,0,0,,0,0,,0,0,,0
2022/12/16,62,63.2,61.3,61.5,-0.5,-0.8065,56.26,,,,,1,1,0,0,,0,0,,-32165,-411,0,0,,0,0,,0,0,,0,0,,0
2022/12/19,61.5,64.4,61.5,63.5,2,3.252,58.4,,,,,1,1,0,0,,0,0,,-32336,-171,0,0,,0,0,,0,0,,0,0,,0
2022/12/20,64.5,71,64.5,71,7.5,11.811,62.6,,,,,1,1,0,0,,0,0,,-32943,-607,0,0,,0,0,,0,0,,0,0,,0
2022/12/21,69.6,74.2,69.6,74.2,3.2,4.507,66.44,,,,,1,1,0,0,,0,0,,-32754,189,0,0,,0,0,,0,0,,0,0,,0
2022/12/22,75,89,75,89,14.8,19.9461,71.84,62.5,,,,1,1,0,0,0,0,0,0,-32452,302,0,0,0,0,0,0,0,0,0,0,0,0,0
2022/12/23,90.8,105,90.8,96,7,7.8652,78.74,67.5,,,,1,1,0,0,0,0,0,0,-32522,-70,0,0,0,0,0,0,0,0,0,0,0,0,0
2022/12/26,94.1,94.1,94,94,-2,-2.0833,84.84,71.62,,,,1,1,0,0,0,0,0,0,-32534,-12,0,0,0,0,0,0,0,0,0,0,0,0,0
2022/12/27,92.1,92.1,83.2,89,-5,-5.3191,88.44,75.52,,,,1,1,0,0,0,0,0,0,-32532,2,0,0,0,0,0,0,0,0,0,0,0,0,0
2022/12/28,89,89,84,84,-5,-5.618,90.4,78.42,,,,1,1,0,0,0,0,0,0,-32958,-426,0,0,0,0,0,0,0,0,0,0,0,0,0
2022/12/29,83.2,89.3,83,89.3,5.3,6.3095,90.46,81.15,,,,1,1,0,0,0,0,0,0,-32979,-21,0,0,0,0,0,0,0,0,0,0,0,0,0
2022/12/30,90.5,94.9,90.5,94.9,5.6,6.271,90.24,84.49,,,,1,1,0,0,0,0,0,0,-32892,87,0,0,0,0,0,0,0,0,0,0,0,0,0
2023/1/3,95,109.5,95,101.5,6.6,6.9547,91.74,88.29,,,,1,1,0,0,0,0,0,0,-32786,106,0,0,0,0,0,0,0,0,0,0,0,0,0
2023/1/4,99.4,100,94,96.4,-5.1,-5.0246,93.22,90.83,,,,1,1,0,0,0,0,0,0,-32684,102,0,0,0,0,0,0,0,0,0,0,0,0,0
2023/1/5,95,95,95,95,-1.4,-1.4523,95.42,92.91,,,,1,1,0,0,0,0,0,0,-32739,-55,0,0,0,0,0,0,0,0,0,0,0,0,0
2023/1/6,96.9,98.3,96.9,98.3,3.3,3.4737,97.22,93.84,78.17,,,1,1,0,0,0,0,0,0,-32638,101,0,0,0,0,0,0,0,0,0,0,0,0,0
2023/1/9,99.5,100.5,98.5,100.5,2.2,2.238,98.34,94.29,80.895,,,1,1,0,0,0,0,0,0,-32430,208,0,0,0,0,0,0,0,0,0,0,0,0,0
2023/1/10,98.5,98.5,90.8,93,-7.5,-7.4627,96.64,94.19,82.905,,,1,1,0,0,0,0,0,0,-32538,-108,0,0,0,0,0,0,0,0,0,0,0,0,0
2023/1/11,93,94.4,93,94.4,1.4,1.5054,96.24,94.73,85.125,,,1,1,0,0,0,0,0,0,-32574,-36,0,0,0,0,0,0,0,0,0,0,0,0,0
2023/1/16,90.8,90.8,82.6,85.1,-9.3,-9.8517,94.26,94.84,86.63,,,1,1,0,0,0,0,0,0,-32966,-392,0,0,0,0,0,0,0,0,0,0,0,0,0
2023/1/30,85.5,85.5,82.9,82.9,-2.2,-2.5852,91.18,94.2,87.675,,,1,1,0,0,0,0,0,0,-32286,680,0,0,0,0,0,0,0,0,0,0,0,0,0
2023/1/31,80.6,80.7,80.6,80.7,-2.2,-2.6538,87.22,92.78,88.635,,,1,1,0,0,0,0,0,0,-31973,313,0,0,0,0,0,0,0,0,0,0,0,0,0
2023/2/1,81.1,84.5,81.1,84.5,3.8,4.7088,85.52,91.08,89.685,,,1,1,0,0,0,0,0,0,-31596,377,0,0,0,0,0,0,0,0,0,0,0,0,0
2023/2/2,84.9,84.9,83.3,83.3,-1.2,-1.4201,83.3,89.77,90.3,,,1,1,0,0,0,0,0,0,-31208,388,0,0,0,0,0,0,0,0,0,0,0,0,0
2023/2/6,82.5,82.5,79.1,79.1,-4.2,-5.042,82.1,88.18,90.545,,,1,1,0,0,0,0,0,0,-31283,-75,0,0,0,0,0,0,0,0,0,0,0,0,0
2023/2/7,79.4,81,79.4,80.6,1.5,1.8963,81.64,86.41,90.125,,,1,1,0,0,0,0,0,0,-31072,211,0,0,0,0,0,0,0,0,0,0,0,0,0
2023/2/8,81,81.5,81,81.1,0.5,0.6203,81.72,84.47,89.38,,,1,1,0,0,0,0,0,0,-30910,162,0,0,0,0,0,0,0,0,0,0,0,0,0
2023/2/10,81.5,81.5,81.5,81.5,0.4,0.4932,81.12,83.32,88.755,,,1,1,0,0,0,0,0,0,-31269,-359,0,0,0,0,0,0,0,0,0,0,0,0,0
2023/2/15,81.5,82,81.5,82,0.5,0.6135,80.86,82.08,88.405,,,1,1,0,0,0,0,0,0,-31230,39,0,0,0,0,0,0,0,0,0,0,0,0,0
2023/2/17,82.4,86.3,82.4,86.3,4.3,5.2439,82.3,82.2,88.52,,,1,1,0,0,0,0,0,0,-30677,553,0,0,0,0,0,0,0,0,0,0,0,0,0
2023/2/20,83.5,87.5,83,87.5,1.2,1.3905,83.68,82.66,88.43,,,1,1,0,0,0,0,0,0,-30332,345,0,0,0,0,0,0,0,0,0,0,0,0,0
2023/2/21,86,89.5,86,89.5,2,2.2857,85.36,83.54,88.16,,,1,1,0,0,0,0,0,0,-30251,81,0,0,0,0,0,0,0,0,0,0,0,0,0
2023/2/22,89.5,95.3,89.5,95.3,5.8,6.4804,88.12,84.62,87.85,,,1,1,0,0,0,0,0,0,-30384,-133,0,0,0,0,0,0,0,0,0,0,0,0,0
2023/2/23,95.7,103,95.7,103,7.7,8.0797,92.32,86.59,88.18,,,1,1,0,0,0,0,0,0,-29950,434,0,0,0,0,0,0,0,0,0,0,0,0,0
2023/2/24,103.5,107,94,95.4,-7.6,-7.3786,94.14,88.22,88.2,,,1,1,0,0,0,0,0,0,-30119,-169,0,0,0,0,0,0,0,0,0,0,0,0,0
2023/3/1,88,89.4,82,85.2,-10.2,-10.6918,93.68,88.68,87.545,,,1,1,0,0,0,0,0,0,-30037,82,0,0,0,0,0,0,0,0,0,0,0,0,0
2023/3/2,85.6,86.9,85.6,86,0.8,0.939,92.98,89.17,86.82,,,1,1,0,0,0,0,0,0,-29888,149,0,0,0,0,0,0,0,0,0,0,0,0,0
2023/3/3,87,87,87,87,1,1.1628,91.32,89.72,86.52,,,1,1,0,0,0,0,0,0,-29628,260,0,0,0,0,0,0,0,0,0,0,0,0,0
2023/3/6,87.4,87.5,87.4,87.5,0.5,0.5747,88.22,90.27,86.175,,,1,1,0,0,0,0,0,0,-29238,390,0,0,0,0,0,0,0,0,0,0,0,0,0
2023/3/7,87.9,90.4,87.9,90.4,2.9,3.3143,87.22,90.68,86.44,,,1,1,0,0,0,0,0,0,-29133,105,0,0,0,0,0,0,0,0,0,0,0,0,0
2023/3/8,90.3,93.1,90.3,92,1.6,1.7699,88.58,91.13,86.895,,,1,1,0,0,0,0,0,0,-29032,101,0,0,0,0,0,0,0,0,0,0,0,0,0
2023/3/9,90,90,88.3,89,-3,-3.2609,89.18,91.08,87.31,,,1,1,0,0,0,0,0,0,-29158,-126,0,0,0,0,0,0,0,0,0,0,0,0,0
2023/3/10,86.5,86.5,86,86,-3,-3.3708,88.98,90.15,87.385,,,1,1,0,0,0,0,0,0,-29689,-531,0,0,0,0,0,0,0,0,0,0,0,0,0
2023/3/13,85.8,86.4,85.6,86.4,0.4,0.4651,88.76,88.49,87.54,,,1,1,0,0,0,0,0,0,-29957,-268,0,0,0,0,0,0,0,0,0,0,0,0,0
2023/3/14,86.8,93,86.8,93,6.6,7.6389,89.28,88.25,88.235,,,1,1,0,0,0,0,0,0,-30240,-283,0,0,0,0,0,0,0,0,0,0,0,0,0
2023/3/15,94,111.5,94,111.5,18.5,19.8925,93.18,90.88,89.78,,,1,1,0,0,0,0,0,0,-30154,86,0,0,0,0,0,0,0,0,0,0,0,0,0
2023/3/16,111.5,130,111,116,4.5,4.0359,98.58,93.88,91.525,,,1,1,0,0,0,0,0,0,-30696,-542,0,0,0,0,0,0,0,0,0,0,0,0,0
2023/3/17,119,139,119,132.5,16.5,14.2241,107.88,98.43,94.075,,,1,1,0,0,0,0,0,0,-30133,563,0,0,0,0,0,0,0,0,0,0,0,0,0
2023/3/20,133,139,127.5,131.5,-1,-0.7547,116.9,102.83,96.55,,,1,1,0,0,0,0,0,0,-29859,274,0,0,0,0,0,0,0,0,0,0,0,0,0
2023/3/21,132,134,132,134,2.5,1.9011,125.1,107.19,98.935,,,1,1,0,0,0,0,0,0,-29573,286,0,0,0,0,0,0,0,0,0,0,0,0,0
2023/3/22,134.5,137,132,132,-2,-1.4925,129.2,111.19,101.16,,,1,1,0,0,0,0,0,0,-29193,380,0,0,0,0,0,0,0,0,0,0,0,0,0
2023/3/23,130,130,121.5,121.5,-10.5,-7.9545,130.3,114.44,102.76,,,1,1,0,0,0,0,0,0,-29064,129,0,0,0,0,0,0,0,0,0,0,0,0,0
2023/3/24,122,126.5,122,122.5,1,0.823,128.3,118.09,104.12,,,1,1,0,0,0,0,0,0,-29000,64,0,0,0,0,0,0,0,0,0,0,0,0,0
2023/3/27,123,123,119,120,-2.5,-2.0408,126,121.45,104.97,,,1,1,0,0,0,0,0,0,-28993,7,0,0,0,0,0,0,0,0,0,0,0,0,0
2023/3/28,116,116,110.5,113,-7,-5.8333,121.8,123.45,105.85,,,1,1,0,0,0,0,0,0,-29433,-440,0,0,0,0,0,0,0,0,0,0,0,0,0
2023/3/29,113.5,113.5,111.5,111.5,-1.5,-1.3274,117.7,123.45,107.165,90.96,,1,1,0,0,0,0,0,0,-29473,-40,0,0,0,0,0,0,0,0,0,0,0,0,0
2023/3/31,112,113.5,111,111,-0.5,-0.4484,115.6,122.95,108.415,92.0433,,1,1,0,0,0,0,0,0,-29032,441,0,0,0,0,0,0,0,0,0,0,0,0,0
2023/4/6,110,110,107,107,-4,-3.6036,112.5,120.4,109.415,92.9467,,1,1,0,0,0,0,0,0,-28978,54,0,0,0,0,0,0,0,0,0,0,0,0,0
2023/4/7,107,107,107,107,0,0,109.9,117.95,110.39,93.8967,,1,1,0,0,0,0,0,0,-28888,90,0,0,0,0,0,0,0,0,0,0,0,0,0
2023/4/10,107,112,107,112,5,4.6729,109.7,115.75,111.47,94.8467,,1,1,0,0,0,0,0,0,-28756,132,0,0,0,0,0,0,0,0,0,0,0,0,0
2023/4/11,110,113,110,113,1,0.8929,110,113.85,112.52,95.6967,,1,1,0,0,0,0,0,0,-28646,110,0,0,0,0,0,0,0,0,0,0,0,0,0
2023/4/12,113.5,116.5,113.5,115,2,1.7699,110.8,113.2,113.82,96.5883,,1,1,0,0,0,0,0,0,-28417,229,0,0,0,0,0,0,0,0,0,0,0,0,0
2023/4/13,115,115,113,113,-2,-1.7391,112,112.25,115.17,97.4133,,1,1,0,0,0,0,0,0,-28555,-138,0,0,0,0,0,0,0,0,0,0,0,0,0
2023/4/14,117,117,115,115,2,1.7699,113.6,111.75,116.6,98.1467,,1,1,0,0,0,0,0,0,-28365,190,0,0,0,0,0,0,0,0,0,0,0,0,0
2023/4/17,115,117.5,115,117.5,2.5,2.1739,114.7,112.2,117.825,98.8683,,1,1,0,0,0,0,0,0,-28046,319,0,0,0,0,0,0,0,0,0,0,0,0,0
2023/4/18,118,118,115.5,115.5,-2,-1.7021,115.2,112.6,118.025,99.31,,1,1,0,0,0,0,0,0,-28211,-165,0,0,0,0,0,0,0,0,0,0,0,0,0
2023/4/19,115.5,118,115.5,115.5,0,0,115.3,113.05,118,99.635,,1,1,0,0,0,0,0,0,-28180,31,0,0,0,0,0,0,0,0,0,0,0,0,0
2023/4/20,115.5,115.5,115.5,115.5,0,0,115.8,113.9,117.15,99.9933,,1,1,0,0,0,0,0,0,-28665,-485,0,0,0,0,0,0,0,0,0,0,0,0,0
2023/4/21,114.5,114.5,108,110,-5.5,-4.7619,114.8,114.2,116.075,100.3433,,1,1,0,0,0,0,0,0,-29253,-588,0,0,0,0,0,0,0,0,0,0,0,0,0
2023/4/24,110.5,113,110.5,113,3,2.7273,113.9,114.3,115.025,100.8267,,1,1,0,0,0,0,0,0,-28983,270,0,0,0,0,0,0,0,0,0,0,0,0,0
2023/4/25,115,129,115,129,16,14.1593,116.6,115.9,114.875,101.4883,,1,1,0,0,0,0,0,0,-29545,-562,0,0,0,0,0,0,0,0,0,0,0,0,0
2023/4/26,125.5,143,125.5,143,14,10.8527,122.1,118.7,115.95,102.29,,1,1,0,0,0,0,0,0,-29359,186,0,0,0,0,0,0,0,0,0,0,0,0,0
2023/4/27,143,155,131.5,154.5,11.5,8.042,129.9,122.85,117.55,103.1733,,1,1,0,0,0,0,0,0,-29181,178,0,0,0,0,0,0,0,0,0,0,0,0,0
2023/4/28,157,176.5,157,168,13.5,8.7379,141.5,128.15,119.95,104.3667,,1,1,0,0,0,0,0,0,-28707,474,0,0,0,0,0,0,0,0,0,0,0,0,0
2023/5/2,174.5,188,174.5,185,17,10.119,155.9,134.9,123.55,105.8667,,1,1,0,0,0,0,0,0,-28421,286,0,0,0,0,0,0,0,0,0,0,0,0,0
2023/5/3,185.5,192.5,185,192,7,3.7838,168.5,142.55,127.575,107.4283,,1,1,0,0,0,0,0,0,-28663,-242,0,0,0,0,0,0,0,0,0,0,0,0,0
2023/5/4,193.5,194.5,177,187,-5,-2.6042,177.3,149.7,131.375,108.87,,1,1,0,0,0,0,0,0,-28497,166,0,0,0,0,0,0,0,0,0,0,0,0,0
2023/5/5,187.5,193,187.5,190,3,1.6043,184.4,157.15,135.525,110.4867,,1,1,0,0,0,0,0,0,-28544,-47,0,0,0,0,0,0,0,0,0,0,0,0,0
2023/5/8,189,189,173.5,178,-12,-6.3158,186.4,163.95,139.075,111.88,,1,1,0,0,0,0,0,0,-28563,-19,0,0,0,0,0,0,0,0,0,0,0,0,0
2023/5/9,180,180,174,174,-4,-2.2472,184.2,170.05,142.175,113.3617,,1,1,0,0,0,0,0,0,-29011,-448,0,0,0,0,0,0,0,0,0,0,0,0,0
2023/5/10,168,177.5,168,169.5,-4.5,-2.5862,179.7,174.1,145,114.805,,1,1,0,0,0,0,0,0,-28920,91,0,0,0,0,0,0,0,0,0,0,0,0,0
2023/5/11,167.5,167.5,150,155,-14.5,-8.5546,173.3,175.3,147,116.0433,,1,1,0,0,0,0,0,0,-29444,-524,0,0,0,0,0,0,0,0,0,0,0,0,0
2023/5/12,153,161,153,159,4,2.5806,167.1,175.75,149.3,117.285,,1,1,0,0,0,0,0,0,-29131,313,0,0,0,0,0,0,0,0,0,0,0,0,0
2023/5/15,160,164,160,164,5,3.1447,164.3,175.35,151.75,118.63,,1,1,0,0,0,0,0,0,-29404,-273,0,0,0,0,0,0,0,0,0,0,0,0,0
2023/5/16,167,173.5,167,170,6,3.6585,163.5,173.85,154.375,120.145,,1,1,0,0,0,0,0,0,-29037,367,0,0,0,0,0,0,0,0,0,0,0,0,0
2023/5/17,170.5,174,168,168,-2,-1.1765,163.2,171.45,157,121.6017,,1,1,0,0,0,0,0,0,-28644,393,0,0,0,0,0,0,0,0,0,0,0,0,0
2023/5/18,165.5,167.5,165,167.5,-0.5,-0.2976,165.7,169.5,159.6,123.0417,,1,1,0,0,0,0,0,0,-28523,121,0,0,0,0,0,0,0,0,0,0,0,0,0
2023/5/19,165.5,170.5,165.5,170.5,3,1.791,168,167.55,162.35,124.525,,1,1,0,0,0,0,0,0,-28635,-112,0,0,0,0,0,0,0,0,0,0,0,0,0
2023/5/22,171,171,169,171,0.5,0.2933,169.4,166.85,165.4,126.0083,,1,1,0,0,0,0,0,0,-28212,423,0,0,0,0,0,0,0,0,0,0,0,0,0
2023/5/23,168,168,165,165,-6,-3.5088,168.4,165.95,168,127.32,,1,1,0,0,0,0,0,0,-27983,229,0,0,0,0,0,0,0,0,0,0,0,0,0
2023/5/24,162,170,162,170,5,3.0303,168.8,166,170.05,128.695,,1,1,0,0,0,0,0,0,-28016,-33,0,0,0,0,0,0,0,0,0,0,0,0,0
2023/5/25,169,169,162,162,-8,-4.7059,167.7,166.7,171,129.9033,,1,1,0,0,0,0,0,0,-28194,-178,0,0,0,0,0,0,0,0,0,0,0,0,0
2023/5/26,162,162,162,162,0,0,166,167,171.375,131.015,,1,1,0,0,0,0,0,0,-28492,-298,0,0,0,0,0,0,0,0,0,0,0,0,0
2023/5/29,160,160,157,158,-4,-2.4691,163.4,166.4,170.875,131.9317,,1,1,0,0,0,0,0,0,-28076,416,0,0,0,0,0,0,0,0,0,0,0,0,0
2023/5/30,155,155,155,155,-3,-1.8987,161.4,164.9,169.375,132.925,,1,1,0,0,0,0,0,0,-28262,-186,0,0,0,0,0,0,0,0,0,0,0,0,0
2023/5/31,155,168,155,168,13,8.3871,161,164.9,168.175,134.305,,1,1,0,0,0,0,0,0,-27992,270,0,0,0,0,0,0,0,0,0,0,0,0,0
2023/6/1,166.5,170,166.5,167.5,-0.5,-0.2976,162.1,164.9,167.2,135.6633,,1,1,0,0,0,0,0,0,-27884,108,0,0,0,0,0,0,0,0,0,0,0,0,0
2023/6/2,166,167.5,166,167.5,0,0,163.2,164.6,166.075,137.005,,1,1,0,0,0,0,0,0,-27839,45,0,0,0,0,0,0,0,0,0,0,0,0,0
2023/6/5,168,168,168,168,0.5,0.2985,165.2,164.3,165.575,138.3467,,1,1,0,0,0,0,0,0,-27558,281,0,0,0,0,0,0,0,0,0,0,0,0,0
2023/6/6,168,168.5,163.5,163.5,-4.5,-2.6786,166.9,164.15,165.05,139.565,,1,1,0,0,0,0,0,0,-27757,-199,0,0,0,0,0,0,0,0,0,0,0,0,0
2023/6/7,163.5,163.5,163.5,163.5,0,0,166,163.5,164.75,140.7567,,1,1,0,0,0,0,0,0,-27436,321,0,0,0,0,0,0,0,0,0,0,0,0,0
2023/6/8,160,160,156,158.5,-5,-3.0581,164.2,163.15,164.925,141.915,,1,1,0,0,0,0,0,0,-27640,-204,0,0,0,0,0,0,0,0,0,0,0,0,0
2023/6/9,162,162,157,161,2.5,1.5773,162.9,163.05,165.025,143.165,,16,4,0,0,0,0,0,0,-27465,175,0,0,0,0,0,0,0,0,0,0,0,0,0
2023/6/12,157,158,152,156,-5,-3.1056,160.5,162.85,164.625,144.325,,12,6,0,0,0,0,0,0,-27765,-300,0,0,0,0,0,0,0,0,0,0,0,0,0
2023/6/13,155,157,152,152.5,-3.5,-2.2436,158.3,162.6,163.75,145.3167,,7,7,0,0,0,0,0,0,-27547,218,0,0,0,0,0,0,0,0,0,0,0,0,0
2023/6/14,151,151.5,139,142,-10.5,-6.8852,154,160,162.45,145.825,,27,12,0,0,0,0,0,0,-27578,-31,0,0,0,0,0,0,0,0,0,0,0,0,0
2023/6/15,144.5,144.5,129,129,-13,-9.1549,148.1,156.15,160.525,146.0417,,25,17,0,0,0,0,0,0,-27493,85,0,0,0,0,0,0,0,0,0,0,0,0,0
2023/6/16,129,133,124,130,1,0.7752,141.9,152.4,158.5,146,,34,21,0,0,0,0,0,0,-27558,-65,0,0,0,0,0,0,0,0,0,0,0,0,0
2023/6/19,130,132,129.5,129.5,-0.5,-0.3846,136.6,148.55,156.425,145.9667,,7,20,0,0,0,0,0,0,-27537,21,0,0,0,0,0,0,0,0,0,0,0,0,0
2023/6/20,135.5,150.5,133,150,20.5,15.8301,136.1,147.2,155.675,146.2333,,37,26,0,0,0,0,0,0,-27680,-143,0,0,0,0,0,0,0,0,0,0,0,0,0
2023/6/21,153,168,149,161,11,7.3333,139.9,146.95,155.225,146.7167,,55,31,0,0,0,0,0,0,-27592,88,0,0,0,0,0,0,0,0,0,0,0,0,0
2023/6/26,164,169,160,164,3,1.8634,146.9,147.5,155.325,147.425,,44,35,0,0,0,0,0,0,-27832,-240,0,0,0,0,0,0,0,0,0,0,0,0,0
2023/6/27,167,167,152,156.5,-7.5,-4.5732,152.2,147.05,155.05,147.9917,,18,32,0,0,0,0,0,0,-28119,-287,0,0,0,0,0,0,0,0,0,0,0,0,0
2023/6/28,157,157,150.5,155,-1.5,-0.9585,157.3,146.95,154.9,148.575,,5,31,0,0,0,0,0,0,-27900,219,0,0,0,0,0,0,0,0,0,0,0,0,0
2023/6/29,156,158,153,154,-1,-0.6452,158.1,147.1,154.85,149.2583,,9,26,0,0,0,0,0,0,-27683,217,0,0,0,0,0,0,0,0,0,0,0,0,0
2023/6/30,150,151,150,150,-4,-2.5974,155.9,147.9,153.95,149.9,120.43,5,16,0,0,0,0,0,0,-27522,161,0,0,0,0,0,0,0,0,0,0,0,0,0
2023/7/3,155,155,148,150,0,0,153.1,150,153.075,150.55,121.2967,9,9,0,0,0,0,0,0,-27274,248,0,0,0,0,0,0,0,0,0,0,0,0,0
2023/7/4,150,150,136,142.5,-7.5,-5,150.3,151.25,151.825,151.1417,122.0442,25,10,0,0,0,0,0,0,-27312,-38,0,0,0,0,0,0,0,0,0,0,0,0,0
2023/7/5,142.5,148,140,148,5.5,3.8596,148.9,153.1,150.825,151.825,122.8608,18,13,0,0,0,0,0,0,-27238,74,0,0,0,0,0,0,0,0,0,0,0,0,0
2023/7/6,145,147,143.5,145,-3,-2.027,147.1,152.6,149.9,152.375,123.6108,20,15,0,0,0,0,0,0,-27476,-238,0,0,0,0,0,0,0,0,0,0,0,0,0
2023/7/7,142.5,142.5,138,140.5,-4.5,-3.1034,145.2,150.55,148.75,152.8333,124.265,11,16,0,0,0,0,0,0,-27763,-287,0,0,0,0,0,0,0,0,0,0,0,0,0
2023/7/10,143,143,136,136,-4.5,-3.2028,142.4,147.75,147.625,153.1833,124.8858,1,15,0,0,0,0,0,0,-27870,-107,0,0,0,0,0,0,0,0,0,0,0,0,0
2023/7/11,142,142,141,141,5,3.6765,142.1,146.2,146.625,153.65,125.5317,8,11,0,0,0,0,0,0,-27919,-49,0,0,0,0,0,0,0,0,0,0,0,0,0
2023/7/12,141.5,154,141.5,147.5,6.5,4.6099,142,145.45,146.2,154.1917,126.1692,47,17,0,0,0,0,0,0,-28213,-294,0,0,0,0,0,0,0,0,0,0,0,0,0
2023/7/13,147.5,150.5,145.5,150.5,3,2.0339,143.1,145.1,146.1,154.7417,126.805,23,18,0,0,0,0,0,0,-28303,-90,0,0,0,0,0,0,0,0,0,0,0,0,0
2023/7/14,145,161,144.5,159,8.5,5.6478,146.8,146,146.95,155.4667,127.3883,56,27,0,0,0,0,0,0,-28040,263,0,0,0,0,0,0,0,0,0,0,0,0,0
2023/7/17,159,159.5,145.5,153,-6,-3.7736,150.2,146.3,148.15,156.0917,127.8633,11,29,0,0,0,0,0,0,-27900,140,0,0,0,0,0,0,0,0,0,0,0,0,0
2023/7/18,153,159,153,158.5,5.5,3.5948,153.7,147.9,149.575,156.8083,128.4008,8,29,0,0,0,0,0,0,-28328,-428,0,0,0,0,0,0,0,0,0,0,0,0,0
2023/7/19,158.5,159.5,151.5,153,-5.5,-3.47,154.8,148.4,150.75,157.525,128.9342,15,22,0,0,0,0,0,0,-28454,-126,0,0,0,0,0,0,0,0,0,0,0,0,0
2023/7/20,149.5,157,149.5,151.5,-1.5,-0.9804,155,149.05,150.825,158.1667,129.4967,1,18,0,0,0,0,0,0,-28136,318,0,0,0,0,0,0,0,0,0,0,0,0,0
2023/7/21,157,157,157,157,5.5,3.6304,154.6,150.7,150.625,158.6333,130.0608,1,7,0,0,0,0,0,0,-28324,-188,0,0,0,0,0,0,0,0,0,0,0,0,0
2023/7/24,157,157,157,157,0,0,155.4,152.8,150.275,158.8667,130.5783,1,5,0,0,0,0,0,0,-28653,-329,0,0,0,0,0,0,0,0,0,0,0,0,0
2023/7/25,149.5,156,149.5,149.5,-7.5,-4.7771,153.6,153.65,149.925,158.7833,130.9783,4,4,0,0,0,0,0,0,-28317,336,0,0,0,0,0,0,0,0,0,0,0,0,0
2023/7/26,155.5,156,155,156,6.5,4.3478,154.2,154.5,149.975,158.5833,131.475,3,2,0,0,0,0,0,0,-28562,-245,0,0,0,0,0,0,0,0,0,0,0,0,0
2023/7/27,149,151,142.5,150,-6,-3.8462,153.9,154.45,149.775,158,131.9333,13,4,0,0,0,0,0,0,-28231,331,0,0,0,0,0,0,0,0,0,0,0,0,0
2023/7/28,142.5,150,142.5,150,0,0,152.5,153.55,149.775,157.3,132.3642,3,4,0,0,0,0,0,0,-28216,15,0,0,0,0,0,0,0,0,0,0,0,0,0
2023/7/31,150,150,150,150,0,0,151.1,153.25,149.775,156.6833,132.7767,1,4,0,0,0,0,0,0,-28387,-171,0,0,0,0,0,0,0,0,0,0,0,0,0
2023/8/1,150,150,144.5,145,-5,-3.3333,150.2,151.9,149.9,155.9333,133.21,3,4,0,0,0,0,0,0,-28511,-124,0,0,0,0,0,0,0,0,0,0,0,0,0
2023/8/2,142.5,143,142.5,143,-2,-1.3793,147.6,150.9,149.65,155.35,133.615,5,5,0,0,0,0,0,0,-29036,-525,0,0,0,0,0,0,0,0,0,0,0,0,0
2023/8/4,144,146,144,146,3,2.0979,146.8,150.35,149.7,154.8833,134.1225,1,2,0,0,0,0,0,0,-28735,301,0,0,0,0,0,0,0,0,0,0,0,0,0
2023/8/7,139.5,140.5,137,137.5,-8.5,-5.8219,144.3,148.4,149.55,154.35,134.5775,11,4,0,0,0,0,0,0,-28638,97,0,0,0,0,0,0,0,0,0,0,0,0,0
2023/8/8,138.5,138.5,135.5,135.5,-2,-1.4545,141.4,146.25,149.525,154.025,135.0342,5,5,0,0,0,0,0,0,-28940,-302,0,0,0,0,0,0,0,0,0,0,0,0,0
2023/8/9,133,134.5,126.5,134.5,-1,-0.738,139.3,144.75,149.2,153.6167,135.4508,27,9,0,0,0,0,0,0,-29184,-244,0,0,0,0,0,0,0,0,0,0,0,0,0
2023/8/10,129.5,134.5,129.5,134.5,0,0,137.6,142.6,148.55,153.125,135.8775,2,9,0,0,0,0,0,0,-29690,-506,0,0,0,0,0,0,0,0,0,0,0,0,0
2023/8/11,134.5,134.5,129.5,134.5,0,0,135.3,141.05,147.75,152.5333,136.3392,3,9,0,0,0,0,0,0,-29739,-49,0,0,0,0,0,0,0,0,0,0,0,0,0
2023/8/14,130,131,130,131,-3.5,-2.6022,134,139.15,146.35,151.9167,136.7592,3,8,0,0,0,0,0,0,-30267,-528,0,0,0,0,0,0,0,0,0,0,0,0,0
2023/8/15,131,131,131,131,0,0,133.1,137.25,145.25,151.3083,137.175,1,7,0,0,0,0,0,0,-29901,366,0,0,0,0,0,0,0,0,0,0,0,0,0
2023/8/16,131,131,130.5,130.5,-0.5,-0.3817,132.3,135.8,143.85,150.6417,137.5833,1,2,0,0,0,0,0,0,-29908,-7,0,0,0,0,0,0,0,0,0,0,0,0,0
2023/8/17,130.5,130.5,126.5,130,-0.5,-0.3831,131.4,134.5,142.7,149.9583,137.9833,8,3,0,0,0,0,0,0,-29502,406,0,0,0,0,0,0,0,0,0,0,0,0,0
2023/8/18,130,130,130,130,0,0,130.5,132.9,141.625,149.375,138.3475,1,2,0,0,0,0,0,0,-29850,-348,0,0,0,0,0,0,0,0,0,0,0,0,0
2023/8/21,130,130,124.5,125,-5,-3.8462,129.3,131.65,140.025,148.625,138.66,4,3,0,0,0,0,0,0,-29840,10,0,0,0,0,0,0,0,0,0,0,0,0,0
2023/8/22,130,130,130,130,5,4,129.1,131.1,138.675,148.0917,138.9975,1,3,0,0,0,0,0,0,-30117,-277,0,0,0,0,0,0,0,0,0,0,0,0,0
2023/8/23,130.5,130.5,115,120.5,-9.5,-7.3077,127.1,129.7,137.225,147.4,139.2075,36,10,0,0,0,0,0,0,-29986,131,0,0,0,0,0,0,0,0,0,0,0,0,0
2023/8/24,115,127.5,115,127.5,7,5.8091,126.6,129,135.8,146.8917,139.4117,20,12,0,0,0,0,0,0,-30075,-89,0,0,0,0,0,0,0,0,0,0,0,0,0
2023/8/25,127.5,127.5,122,127.5,0,0,126.1,128.3,134.675,146.4333,139.6792,1,12,0,0,0,0,0,0,-30035,40,0,0,0,0,0,0,0,0,0,0,0,0,0
2023/8/28,127.5,127.5,116.5,122,-5.5,-4.3137,125.5,127.4,133.275,145.6667,139.9858,6,12,0,0,0,0,0,0,-30334,-299,0,0,0,0,0,0,0,0,0,0,0,0,0
2023/8/29,122,122,122,122,0,0,123.9,126.5,131.875,144.9083,140.2858,3,13,0,0,0,0,0,0,-30070,264,0,0,0,0,0,0,0,0,0,0,0,0,0
2023/8/30,123,123,109.5,115,-7,-5.7377,122.8,124.95,130.375,144.0333,140.5192,24,10,0,0,0,0,0,0,-29668,402,0,0,0,0,0,0,0,0,0,0,0,0,0
2023/8/31,115,122.5,115,122.5,7.5,6.5217,121.8,124.2,129.35,143.275,140.8108,9,8,0,0,0,0,0,0,-29455,213,0,0,0,0,0,0,0,0,0,0,0,0,0
2023/9/1,122.5,122.5,122.5,122.5,0,0,120.8,123.45,128.175,142.5917,141.0783,1,8,0,0,0,0,0,0,-29301,154,0,0,0,0,0,0,0,0,0,0,0,0,0
2023/9/4,117,117,113,114.5,-8,-6.5306,119.3,122.4,127.025,141.775,141.2658,10,9,0,0,0,0,0,0,-29164,137,0,0,0,0,0,0,0,0,0,0,0,0,0
2023/9/5,114,114,108,110,-4.5,-3.9301,116.9,120.4,125.75,140.9667,141.4408,16,12,0,0,0,0,0,0,-28952,212,0,0,0,0,0,0,0,0,0,0,0,0,0
2023/9/6,111,114,111,113.5,3.5,3.1818,116.6,119.7,124.7,140.175,141.67,4,8,0,0,0,0,0,0,-28977,-25,0,0,0,0,0,0,0,0,0,0,0,0,0
2023/9/7,113.5,117.5,112.5,117.5,4,3.5242,115.6,118.7,123.85,139.5333,141.9292,7,7,0,0,0,0,0,0,-29118,-141,0,0,0,0,0,0,0,0,0,0,0,0,0
2023/9/8,118,118,118,118,0.5,0.4255,114.7,117.75,123.025,138.9583,142.1375,1,7,0,0,0,0,0,0,-29271,-153,0,0,0,0,0,0,0,0,0,0,0,0,0
2023/9/11,118,121,115,117,-1,-0.8475,115.2,117.25,122.325,138.5417,142.1833,6,6,0,0,0,0,0,0,-29619,-348,0,0,0,0,0,0,0,0,0,0,0,0,0
2023/9/12,118,118,118,118,1,0.8547,116.8,116.85,121.675,138.3583,142.2,1,3,0,0,0,0,0,0,-29552,67,0,0,0,0,0,0,0,0,0,0,0,0,0
2023/9/13,118,118,118,118,0,0,117.7,117.15,121.05,138.1583,142.0792,1,3,0,0,0,0,0,0,-29350,202,0,0,0,0,0,0,0,0,0,0,0,0,0
2023/9/14,118,118,118,118,0,0,117.8,116.7,120.45,137.9667,141.9667,1,2,0,0,0,0,0,0,-28921,429,0,0,0,0,0,0,0,0,0,0,0,0,0
2023/9/15,118,118,111.5,115,-3,-2.5424,117.2,115.95,119.7,137.3833,141.8083,10,3,0,0,0,0,0,0,-29012,-91,0,0,0,0,0,0,0,0,0,0,0,0,0
2023/9/18,115,118,115,118,3,2.6087,117.4,116.3,119.35,136.6667,141.6917,3,3,0,0,0,0,0,0,-29092,-80,0,0,0,0,0,0,0,0,0,0,0,0,0
2023/9/19,118,124,118,118,0,0,117.4,117.1,118.75,135.9,141.6625,27,8,0,0,0,0,0,0,-29359,-267,0,0,0,0,0,0,0,0,0,0,0,0,0
2023/9/20,121,121,117,118,0,0,117.4,117.55,118.625,135.2583,141.625,3,8,0,0,0,0,0,0,-29673,-314,0,0,0,0,0,0,0,0,0,0,0,0,0
2023/9/21,112.5,116,112.5,116,-2,-1.6949,117,117.4,118.05,134.6083,141.5917,3,9,0,0,0,0,0,0,-30101,-428,0,0,0,0,0,0,0,0,0,0,0,0,0
2023/9/22,116,116,109.5,115,-1,-0.8621,117,117.1,117.425,133.9583,141.6083,4,8,0,0,0,0,0,0,-29911,190,0,0,0,0,0,0,0,0,0,0,0,0,0
2023/9/25,111,116,111,116,1,0.8696,116.6,117,117.125,133.3917,141.6458,7,8,0,0,0,0,0,0,-29628,283,0,0,0,0,0,0,0,0,0,0,0,0,0
2023/9/26,116,116,116,116,0,0,116.2,116.8,116.825,132.825,141.6875,1,3,0,0,0,0,0,0,-30014,-386,0,0,0,0,0,0,0,0,0,0,0,0,0
2023/9/28,116,120,116,119,3,2.5862,116.4,116.9,117.025,132.4333,141.7875,5,4,0,0,0,0,0,0,-29938,76,0,0,0,0,0,0,0,0,0,0,0,0,0
2023/10/2,120,121,119.5,120.5,1.5,1.2605,117.3,117.15,116.925,131.975,141.9,4,4,0,0,0,0,0,0,-29680,258,0,0,0,0,0,0,0,0,0,0,0,0,0
2023/10/3,120.5,121.5,118,120,-0.5,-0.4149,118.3,117.65,116.8,131.5583,141.9667,5,4,0,0,0,0,0,0,-29932,-252,0,0,0,0,0,0,0,0,0,0,0,0,0
2023/10/4,120,120.5,119,119.5,-0.5,-0.4167,119,117.8,117.05,131.2083,142.0208,5,4,0,0,0,0,0,0,-30255,-323,0,0,0,0,0,0,0,0,0,0,0,0,0
2023/10/5,120.5,120.5,120.5,120.5,1,0.8368,119.9,118.05,117.575,130.95,142.0667,1,4,0,0,0,0,0,0,-29937,318,0,0,0,0,0,0,0,0,0,0,0,0,0
2023/10/6,120,120.5,120,120,-0.5,-0.4149,120.1,118.25,117.9,130.6,142.125,1,3,0,0,0,0,0,0,-29916,21,0,0,0,0,0,0,0,0,0,0,0,0,0
2023/10/11,120,120,116,116,-4,-3.3333,119.2,118.25,117.825,130.075,142.1333,1,2,0,0,0,0,0,0,-30313,-397,0,0,0,0,0,0,0,0,0,0,0,0,0
2023/10/12,120,120,120,120,4,3.4483,119.2,118.75,117.925,129.5667,142.1542,1,1,0,0,0,0,0,0,-29979,334,0,0,0,0,0,0,0,0,0,0,0,0,0
2023/10/13,120,120,120,120,0,0,119.3,119.15,118.075,128.9167,142.1917,1,1,0,0,0,0,0,0,-30125,-146,0,0,0,0,0,0,0,0,0,0,0,0,0
2023/10/17,120,120,116,116.5,-3.5,-2.9167,118.5,119.2,118,128.3083,142.2,3,1,0,0,0,0,0,0,-30629,-504,0,0,0,0,0,0,0,0,0,0,0,0,0
2023/10/18,116.5,116.5,116.5,116.5,0,0,117.8,118.95,117.925,127.6083,142.2083,1,1,0,0,0,0,0,0,-31089,-460,0,0,0,0,0,0,0,0,0,0,0,0,0
2023/10/19,116.5,116.5,114.5,116.5,0,0,117.9,118.55,117.85,127,142.2625,1,1,0,0,0,0,0,0,-30984,105,0,0,0,0,0,0,0,0,0,0,0,0,0
2023/10/20,114.5,115.5,114.5,115.5,-1,-0.8584,117,118.1,117.875,126.4,142.2833,2,1,0,0,0,0,0,0,-31274,-290,0,0,0,0,0,0,0,0,0,0,0,0,0
2023/10/23,116.5,116.5,116.5,116.5,1,0.8658,116.3,117.8,117.8,125.725,142.1792,1,1,0,0,0,0,0,0,-31312,-38,0,0,0,0,0,0,0,0,0,0,0,0,0
2023/10/25,114,114,113.5,113.5,-3,-2.5751,115.7,117.1,117.575,125,141.9333,2,1,0,0,0,0,0,0,-30691,621,0,0,0,0,0,0,0,0,0,0,0,0,0
2023/10/26,112.5,112.5,112.5,112.5,-1,-0.8811,114.9,116.35,117.3,124.3833,141.5833,1,1,0,0,0,0,0,0,-31130,-439,0,0,0,0,0,0,0,0,0,0,0,0,0
2023/10/27,116.5,116.5,112.5,113,0.5,0.4444,114.2,116.05,117.15,123.6667,141.125,10,3,0,0,0,0,0,0,-31058,72,0,0,0,0,0,0,0,0,0,0,0,0,0
2023/10/30,117,117,117,117,4,3.5398,114.5,115.75,117.25,123.1167,140.5583,2,3,0,0,0,0,0,0,-30978,80,0,0,0,0,0,0,0,0,0,0,0,0,0
2023/10/31,116,116,112.5,113,-4,-3.4188,113.8,115.05,117.1,122.5,139.9,5,4,0,0,0,0,0,0,-31453,-475,0,0,0,0,0,0,0,0,0,0,0,0,0
2023/11/1,117,117,117,117,4,3.5398,114.5,115.1,117.15,121.95,139.3167,1,3,0,0,0,0,0,0,-31280,173,0,0,0,0,0,0,0,0,0,0,0,0,0
2023/11/2,112.5,117,112.5,117,0,0,115.4,115.15,117.05,121.4833,138.7083,1,3,0,0,0,0,0,0,-30863,417,0,0,0,0,0,0,0,0,0,0,0,0,0
2023/11/3,117,117.5,117,117.5,0.5,0.4274,116.3,115.25,116.9,121.0583,138.2042,2,2,0,0,0,0,0,0,-30733,130,0,0,0,0,0,0,0,0,0,0,0,0,0
2023/11/6,117.5,117.5,117.5,117.5,0,0,116.4,115.45,116.775,120.5833,137.7333,1,2,0,0,0,0,0,0,-30319,414,0,0,0,0,0,0,0,0,0,0,0,0,0
2023/11/7,117.5,117.5,117.5,117.5,0,0,117.3,115.55,116.675,120.25,137.3,1,1,0,0,0,0,0,0,-30309,10,0,0,0,0,0,0,0,0,0,0,0,0,0
2023/11/8,117.5,117.5,117.5,117.5,0,0,117.4,115.95,116.525,119.95,136.9875,1,1,0,0,0,0,0,0,-30270,39,0,0,0,0,0,0,0,0,0,0,0,0,0
2023/11/9,118,118,116.5,116.5,-1,-0.8511,117.3,116.35,116.35,119.65,136.6333,5,2,0,0,0,0,0,0,-30510,-240,0,0,0,0,0,0,0,0,0,0,0,0,0
2023/11/10,112.5,118,112.5,118,1.5,1.2876,117.4,116.85,116.45,119.375,136.25,8,3,0,0,0,0,0,0,-30754,-244,0,0,0,0,0,0,0,0,0,0,0,0,0
2023/11/13,117.5,117.5,117,117.5,-0.5,-0.4237,117.4,116.9,116.325,119.0917,135.8125,3,3,0,0,0,0,0,0,-30841,-87,0,0,0,0,0,0,0,0,0,0,0,0,0
2023/11/14,118,118,105.5,109.5,-8,-6.8085,115.8,116.55,115.8,118.7333,135.325,15,6,0,0,0,0,0,0,-30763,78,0,0,0,0,0,0,0,0,0,0,0,0,0
2023/11/15,109.5,109.5,109.5,109.5,0,0,114.2,115.8,115.45,118.375,134.8417,2,6,0,0,0,0,0,0,-30507,256,0,0,0,0,0,0,0,0,0,0,0,0,0
2023/11/16,110.5,111,110.5,111,1.5,1.3699,113.1,115.2,115.175,118.05,134.3458,2,6,0,0,0,0,0,0,-30352,155,0,0,0,0,0,0,0,0,0,0,0,0,0
2023/11/17,111,111.5,110,110,-1,-0.9009,111.5,114.45,114.85,117.7167,133.8375,7,5,0,0,0,0,0,0,-30097,255,0,0,0,0,0,0,0,0,0,0,0,0,0
2023/11/20,111.5,114,110,114,4,3.6364,110.8,114.1,114.775,117.45,133.4125,6,6,0,0,0,0,0,0,-29905,192,0,0,0,0,0,0,0,0,0,0,0,0,0
2023/11/21,110,111,110,111,-3,-2.6316,111.1,113.45,114.5,117.2167,132.9208,4,4,0,0,0,0,0,0,-29787,118,0,0,0,0,0,0,0,0,0,0,0,0,0
2023/11/22,114.5,114.5,114.5,114.5,3.5,3.1532,112.1,113.15,114.55,116.9583,132.525,1,4,0,0,0,0,0,0,-29532,255,0,0,0,0,0,0,0,0,0,0,0,0,0
2023/11/23,110,114.5,110,114.5,0,0,112.8,112.95,114.65,116.8583,132.1292,1,3,0,0,0,0,0,0,-29539,-7,0,0,0,0,0,0,0,0,0,0,0,0,0
2023/11/24,110,111.5,110,111,-3.5,-3.0568,113,112.25,114.55,116.5833,131.7375,2,2,0,0,0,0,0,0,-29599,-60,0,0,0,0,0,0,0,0,0,0,0,0,0
2023/11/27,110,116,110,116,5,4.5045,113.4,112.1,114.5,116.3917,131.4125,5,2,0,0,0,0,0,0,-29843,-244,0,0,0,0,0,0,0,0,0,0,0,0,0
2023/11/28,111,111.5,110.5,111.5,-4.5,-3.8793,113.5,112.3,114.425,116.2167,130.9417,6,3,0,0,0,0,0,0,-29436,407,0,0,0,0,0,0,0,0,0,0,0,0,0
2023/11/29,110.5,111.5,109.5,111,-0.5,-0.4484,112.8,112.45,114.125,116.0333,130.4708,9,4,0,0,0,0,0,0,-29268,168,0,0,0,0,0,0,0,0,0,0,0,0,0
2023/11/30,111,111,107.5,111,0,0,112.1,112.45,113.825,115.9667,130,1,4,0,0,0,0,0,0,-29066,202,0,0,0,0,0,0,0,0,0,0,0,0,0
2023/12/1,107.5,112.5,107.5,108.5,-2.5,-2.2523,111.6,112.3,113.375,115.7333,129.5042,6,5,0,0,0,0,0,0,-28866,200,0,0,0,0,0,0,0,0,0,0,0,0,0
2023/12/4,107.5,114.5,107.5,114.5,6,5.53,111.3,112.35,113.225,115.6,129.0958,10,6,0,0,0,0,0,0,-28801,65,0,0,0,0,0,0,0,0,0,0,0,0,0
2023/12/5,114.5,114.5,108.5,113.5,-1,-0.8734,111.7,112.6,113.025,115.5833,128.6792,8,6,0,0,0,0,0,0,-29060,-259,0,0,0,0,0,0,0,0,0,0,0,0,0
2023/12/6,113.5,113.5,113,113,-0.5,-0.4405,112.1,112.45,112.8,115.6333,128.3,2,5,0,0,0,0,0,0,-28966,94,0,0,0,0,0,0,0,0,0,0,0,0,0
2023/12/7,108.5,109.5,107,108.5,-4.5,-3.9823,111.6,111.85,112.4,115.55,127.8625,8,6,0,0,0,0,0,0,-29222,-256,0,0,0,0,0,0,0,0,0,0,0,0,0
2023/12/8,110,112,106.5,107.5,-1,-0.9217,111.4,111.5,111.875,115.3833,127.4583,7,7,0,0,0,0,0,0,-29185,37,0,0,0,0,0,0,0,0,0,0,0,0,0
2023/12/11,111.5,112,110,112,4.5,4.186,110.9,111.1,111.6,115.2833,127.1208,4,5,0,0,0,0,0,0,-29223,-38,0,0,0,0,0,0,0,0,0,0,0,0,0
2023/12/12,110,110,109.5,110,-2,-1.7857,110.2,110.95,111.625,115.1667,126.8542,4,5,0,0,0,0,0,0,-29386,-163,0,0,0,0,0,0,0,0,0,0,0,0,0
2023/12/13,111,111,108,109,-1,-0.9091,109.4,110.75,111.6,115.0167,126.6875,4,5,0,0,0,0,0,0,-29350,36,0,0,0,0,0,0,0,0,0,0,0,0,0
2023/12/14,106.5,111.5,105,106,-3,-2.7523,108.9,110.25,111.35,114.8167,126.4875,20,7,0,0,0,0,0,0,-29331,19,0,0,0,0,0,0,0,0,0,0,0,0,0
2023/12/15,106,108,102.5,104.5,-1.5,-1.4151,108.3,109.85,111.075,114.5917,126.2792,18,10,0,0,0,0,0,0,-29437,-106,0,0,0,0,0,0,0,0,0,0,0,0,0
2023/12/18,107,107,102,107,2.5,2.3923,107.3,109.1,110.725,114.4583,125.9208,1,9,0,0,0,0,0,0,-29611,-174,0,0,0,0,0,0,0,0,0,0,0,0,0
2023/12/19,107,107,102,103,-4,-3.7383,105.9,108.05,110.325,114.2083,125.4375,4,9,0,0,0,0,0,0,-29940,-329,0,0,0,0,0,0,0,0,0,0,0,0,0
2023/12/20,107,107,106,107,4,3.8835,105.5,107.45,109.95,114.025,124.9625,2,9,0,0,0,0,0,0,-29649,291,0,0,0,0,0,0,0,0,0,0,0,0,0
2023/12/21,107,108,107,108,1,0.9346,105.9,107.4,109.625,113.8583,124.5583,2,5,0,0,0,0,0,0,-29859,-210,0,0,0,0,0,0,0,0,0,0,0,0,0
2023/12/25,108.5,108.5,108.5,108.5,0.5,0.463,106.7,107.5,109.5,113.7333,124.1708,1,2,0,0,0,0,0,0,-30156,-297,0,0,0,0,0,0,0,0,0,0,0,0,0
2023/12/26,108.5,108.5,106,108,-0.5,-0.4608,106.9,107.1,109.1,113.6167,123.7875,2,2,0,0,0,0,0,0,-29816,340,0,0,0,0,0,0,0,0,0,0,0,0,0
2023/12/27,108.5,108.5,108.5,108.5,0.5,0.463,108,106.95,108.95,113.4917,123.4417,1,1,0,0,0,0,0,0,-29755,61,0,0,0,0,0,0,0,0,0,0,0,0,0
2023/12/28,108.5,108.5,104,104,-4.5,-4.1475,107.4,106.45,108.6,113.2917,123.0583,2,1,0,0,0,0,0,0,-29875,-120,0,0,0,0,0,0,0,0,0,0,0,0,0
2023/12/29,108,108,104,108,4,3.8462,107.4,106.65,108.45,113.1083,122.7708,1,1,0,0,0,0,0,0,-29827,48,0,0,0,0,0,0,0,0,0,0,0,0,0
2024/1/2,108,108.5,107,107,-1,-0.9259,107.1,106.9,108.375,112.8833,122.4292,2,1,0,0,0,0,0,0,-29745,82,0,0,0,0,0,0,0,0,0,0,0,0,0
2024/1/3,108.5,108.5,106.5,107,0,0,106.9,106.9,108,112.6667,122.1125,5,2,0,0,0,0,0,0,-30054,-309,0,0,0,0,0,0,0,0,0,0,0,0,0
2024/1/4,108.5,108.5,101.5,104,-3,-2.8037,106,107,107.525,112.4083,121.8083,7,3,0,0,0,0,0,0,-30326,-272,0,0,0,0,0,0,0,0,0,0,0,0,0
2024/1/5,100.5,105,100,101,-3,-2.8846,105.4,106.4,106.925,112.0833,121.5167,7,4,0,0,0,0,0,0,-30194,132,0,0,0,0,0,0,0,0,0,0,0,0,0
2024/1/8,101,101,96.9,96.9,-4.1,-4.0594,103.18,105.29,106.345,111.6983,121.1492,13,6,0,0,0,0,0,0,-30370,-176,0,0,0,0,0,0,0,0,0,0,0,0,0
2024/1/9,96.7,97.3,94,97,0.1,0.1032,101.18,104.14,105.82,111.3817,120.7283,31,12,0,0,0,0,0,0,-30769,-399,0,0,0,0,0,0,0,0,0,0,0,0,0
2024/1/10,94.1,97,94.1,94.1,-2.9,-2.9897,98.6,102.75,104.925,110.95,120.2583,5,12,0,0,0,0,0,0,-30953,-184,0,0,0,0,0,0,0,0,0,0,0,0,0
2024/1/11,97,97,97,97,2.9,3.0818,97.2,101.6,104.275,110.5667,119.7417,3,11,0,0,0,0,0,0,-30701,252,0,0,0,0,0,0,0,0,0,0,0,0,0
2024/1/12,99,99,96.5,97,0,0,96.4,100.9,103.675,110.2417,119.275,6,11,0,0,0,0,0,0,-30894,-193,0,0,0,0,0,0,0,0,0,0,0,0,0
2024/1/15,97,97,97,97,0,0,96.42,99.8,103.225,109.9167,118.7625,1,9,0,0,0,0,0,0,-30504,390,0,0,0,0,0,0,0,0,0,0,0,0,0
2024/1/16,94.1,94.5,94.1,94.5,-2.5,-2.5773,95.92,98.55,102.725,109.55,118.275,5,4,0,0,0,0,0,0,-30781,-277,0,0,0,0,0,0,0,0,0,0,0,0,0
2024/1/17,97,97,97,97,2.5,2.6455,96.5,97.55,102.225,109.2417,117.8208,1,3,0,0,0,0,0,0,-31275,-494,0,0,0,0,0,0,0,0,0,0,0,0,0
2024/1/18,97,97,97,97,0,0,96.5,96.85,101.925,108.9167,117.3208,1,2,0,0,0,0,0,0,-31344,-69,0,0,0,0,0,0,0,0,0,0,0,0,0
2024/1/19,97,97,93.5,97,0,0,96.5,96.45,101.425,108.6417,116.8208,5,2,0,0,0,0,0,0,-31062,282,0,0,0,0,0,0,0,0,0,0,0,0,0
2024/1/22,97.5,97.5,96,96.5,-0.5,-0.5155,96.4,96.41,100.85,108.375,116.3792,4,3,0,0,0,0,0,0,-30750,312,0,0,0,0,0,0,0,0,0,0,0,0,0
2024/1/23,93.5,96.5,93.5,95.5,-1,-1.0363,96.6,96.26,100.2,108.0833,115.875,8,3,0,0,0,0,0,0,-30623,127,0,0,0,0,0,0,0,0,0,0,0,0,0
2024/1/24,95.7,95.7,94.9,94.9,-0.6,-0.6283,96.18,96.34,99.545,107.715,115.4158,6,4,0,0,0,0,0,0,-30413,210,0,0,0,0,0,0,0,0,0,0,0,0,0
2024/1/25,98.9,98.9,98.9,98.9,4,4.215,96.56,96.53,99.065,107.48,114.99,1,4,0,0,0,0,0,0,-30672,-259,0,0,0,0,0,0,0,0,0,0,0,0,0
2024/1/26,98.9,98.9,98.9,98.9,0,0,96.94,96.72,98.81,107.1783,114.5642,1,4,0,0,0,0,0,0,-30808,-136,0,0,0,0,0,0,0,0,0,0,0,0,0
2024/1/29,98.9,98.9,98.5,98.8,-0.1,-0.1011,97.4,96.9,98.35,106.875,114.1792,4,4,0,0,0,0,0,0,-30543,265,0,0,0,0,0,0,0,0,0,0,0,0,0
2024/1/30,99.2,99.2,99.2,99.2,0.4,0.4049,98.14,97.37,97.96,106.57,113.8142,1,2,0,0,0,0,0,0,-30728,-185,0,0,0,0,0,0,0,0,0,0,0,0,0
2024/1/31,99.2,99.4,99,99,-0.2,-0.2016,98.96,97.57,97.56,106.2617,113.4225,7,2,0,0,0,0,0,0,-30766,-38,0,0,0,0,0,0,0,0,0,0,0,0,0
2024/2/1,99,99,99,99,0,0,98.98,97.77,97.31,105.9533,113.1017,1,2,0,0,0,0,0,0,-30749,17,0,0,0,0,0,0,0,0,0,0,0,0,0
2024/2/2,100.5,100.5,99,99.5,0.5,0.5051,99.1,98.02,97.235,105.6533,112.8017,3,3,0,0,0,0,0,0,-30875,-126,0,0,0,0,0,0,0,0,0,0,0,0,0
2024/2/5,98,99,98,99,-0.5,-0.5025,99.14,98.27,97.34,105.3617,112.5058,4,3,0,0,0,0,0,0,-31071,-196,0,0,0,0,0,0,0,0,0,0,0,0,0
2024/2/15,99,100,99,100,1,1.0101,99.3,98.72,97.49,105.0617,112.2183,7,4,0,0,0,0,0,0,-30815,256,0,0,0,0,0,0,0,0,0,0,0,0,0
2024/2/16,97,99,97,99,-1,-1,99.3,99.13,97.735,104.7533,111.9225,1,3,0,0,0,0,0,0,-30402,413,0,0,0,0,0,0,0,0,0,0,0,0,0
2024/2/19,97.1,99.5,97.1,99.5,0.5,0.5051,99.4,99.19,97.86,104.5867,111.66,3,3,0,0,0,0,0,0,-30067,335,0,0,0,0,0,0,0,0,0,0,0,0,0
2024/2/20,97.1,99.5,97,99.5,0,0,99.4,99.25,97.985,104.42,111.3975,7,4,0,0,0,0,0,0,-30188,-121,0,0,0,0,0,0,0,0,0,0,0,0,0
2024/2/21,99.5,99.5,97,97.5,-2,-2.0101,99.1,99.12,98.01,104.195,111.1225,3,4,0,0,0,0,0,0,-30015,173,0,0,0,0,0,0,0,0,0,0,0,0,0
2024/2/22,99,99,99,99,1.5,1.5385,98.9,99.1,98.235,104.0117,110.8642,3,3,0,0,0,0,0,0,-30047,-32,0,0,0,0,0,0,0,0,0,0,0,0,0
2024/2/23,99,99,96.7,98,-1,-1.0101,98.7,99,98.285,103.745,110.5975,9,5,0,0,0,0,0,0,-30239,-192,0,0,0,0,0,0,0,0,0,0,0,0,0
2024/2/26,99,99,96.7,97,-1,-1.0204,98.2,98.8,98.285,103.5117,110.3642,10,6,0,0,0,0,0,0,-30000,239,0,0,0,0,0,0,0,0,0,0,0,0,0
2024/2/27,95.7,99,95.7,96,-1,-1.0309,97.5,98.45,98.235,103.2033,110.0808,6,6,0,0,0,0,0,0,-30260,-260,0,0,0,0,0,0,0,0,0,0,0,0,0
2024/2/29,98.7,109,98.4,109,13,13.5417,99.8,99.45,98.86,103.1117,109.985,33,12,0,0,0,0,0,0,-29989,271,0,0,0,0,0,0,0,0,0,0,0,0,0
2024/3/1,104,117.5,104,116,7,6.422,103.2,101.05,99.885,103.195,109.8892,101,31,0,0,0,0,0,0,-30038,-49,0,0,0,0,0,0,0,0,0,0,0,0,0
2024/3/4,114,116.5,109,116,0,0,106.8,102.75,100.94,103.195,109.7933,50,40,0,0,0,0,0,0,-29986,52,0,0,0,0,0,0,0,0,0,0,0,0,0
2024/3/5,114.5,115,108.5,110,-6,-5.1724,109.4,103.8,101.495,103.17,109.6933,28,43,0,0,0,0,0,0,-29921,65,0,0,0,0,0,0,0,0,0,0,0,0,0
2024/3/6,112.5,112.5,107.5,108,-2,-1.8182,111.8,104.65,101.95,103.12,109.5767,23,47,0,0,0,0,0,0,-29857,64,0,0,0,0,0,0,0,0,0,0,0,0,0
2024/3/7,110,112,107.5,108.5,0.5,0.463,111.7,105.75,102.435,103.0783,109.5225,20,44,0,0,0,0,0,0,-30204,-347,0,0,0,0,0,0,0,0,0,0,0,0,0
2024/3/8,112.5,112.5,108,108.5,0,0,110.2,106.7,102.9,103.0783,109.4058,8,25,0,0,0,0,0,0,-30766,-562,0,0,0,0,0,0,0,0,0,0,0,0,0
2024/3/11,108,108,104,104.5,-4,-3.6866,107.9,107.35,103.175,102.9117,109.2558,13,18,0,0,0,0,0,0,-30581,185,0,0,0,0,0,0,0,0,0,0,0,0,0
2024/3/12,103,104,99.6,100.5,-4,-3.8278,106,107.7,103.25,102.695,109.1392,30,18,0,0,0,0,0,0,-30218,363,0,0,0,0,0,0,0,0,0,0,0,0,0
2024/3/13,100.5,100.5,98.9,99.5,-1,-0.995,104.3,108.05,103.25,102.47,109.0517,12,16,0,0,0,0,0,0,-30624,-406,0,0,0,0,0,0,0,0,0,0,0,0,0
2024/3/14,98.8,99.5,97.8,98.8,-0.7,-0.7035,102.36,107.03,103.24,102.3083,108.9292,7,14,0,0,0,0,0,0,-30755,-131,0,0,0,0,0,0,0,0,0,0,0,0,0
2024/3/15,99.5,103,99.4,103,4.2,4.251,101.26,105.73,103.39,102.2333,108.8083,16,15,0,0,0,0,0,0,-31022,-267,0,0,0,0,0,0,0,0,0,0,0,0,0
2024/3/18,103,115.5,103,110,7,6.7961,102.36,105.13,103.94,102.2,108.7417,43,21,0,0,0,0,0,0,-30810,212,0,0,0,0,0,0,0,0,0,0,0,0,0
2024/3/19,109,112.5,109,110,0,0,104.26,105.13,104.465,102.2,108.6833,38,23,0,0,0,0,0,0,-30744,66,0,0,0,0,0,0,0,0,0,0,0,0,0
2024/3/20,110.5,113,109.5,110,0,0,106.36,105.33,104.99,102.2167,108.6167,9,22,0,0,0,0,0,0,-30864,-120,0,0,0,0,0,0,0,0,0,0,0,0,0
2024/3/21,109,112,107.5,107.5,-2.5,-2.2727,108.1,105.23,105.49,102.2417,108.5292,38,28,0,0,0,0,0,0,-30644,220,0,0,0,0,0,0,0,0,0,0,0,0,0
2024/3/22,109,109.5,105.5,107,-0.5,-0.4651,108.9,105.08,105.89,102.2833,108.4375,13,28,0,0,0,0,0,0,-30654,-10,0,0,0,0,0,0,0,0,0,0,0,0,0
2024/3/25,105.5,107.5,105,105.5,-1.5,-1.4019,108,105.18,106.265,102.2583,108.3583,9,21,0,0,0,0,0,0,-30441,213,0,0,0,0,0,0,0,0,0,0,0,0,0
2024/3/26,103,104,98.8,102,-3.5,-3.3175,106.4,105.33,106.515,102.2417,108.225,41,22,0,0,0,0,0,0,-30864,-423,0,0,0,0,0,0,0,0,0,0,0,0,0
2024/3/27,102,102.5,99.5,100.5,-1.5,-1.4706,104.5,105.43,106.74,102.1333,108.0792,34,27,0,0,0,0,0,0,-30555,309,0,0,0,0,0,0,0,0,0,0,0,0,0
2024/3/28,86,86,80,83,-17.5,-17.4129,99.6,103.85,105.44,101.7167,107.7875,1058,231,0,0,0,0,0,0,-30585,-30,75,15,8,0,0,0,0,0,0,75,15,8,0
2024/3/29,84.9,85,79.8,79.9,-3.1,-3.7349,94.18,101.54,103.635,101.24,107.4867,658,360,0,0,0,0,0,0,-30694,-109,28,21,10,0,0,0,0,0,0,28,21,10,0
2024/4/1,79.8,80.8,78.5,79.1,-0.8,-1.0013,88.9,98.45,101.79,100.7583,107.1875,206,399,0,0,0,0,0,0,-30341,353,13,23,12,0,0,0,0,0,0,13,23,12,0
2024/4/2,78.9,79.2,77.7,77.9,-1.2,-1.5171,84.08,95.24,100.185,100.2483,106.87,258,442,0,0,0,0,0,0,-30409,-68,8,25,12,0,0,0,0,0,0,8,25,12,0
2024/4/3,77.9,79,75,77,-0.9,-1.1553,79.38,91.94,98.635,99.7983,106.545,221,480,0,0,0,0,0,0,-30538,-129,8,26,13,0,0,0,0,0,0,8,26,13,0
2024/4/8,76.9,76.9,73,73.3,-3.7,-4.8052,77.44,88.52,96.875,99.22,106.1642,151,298,0,0,0,0,0,0,-30417,121,7,13,14,0,0,0,0,0,0,7,13,14,0
2024/4/9,72,72.2,71.1,71.5,-1.8,-2.4557,75.76,84.97,95.025,98.6283,105.7558,113,189,0,0,0,0,0,0,-30378,39,10,9,15,0,0,0,0,0,0,10,9,15,0
2024/4/10,71.6,75.9,71.6,74.4,2.9,4.0559,74.82,81.86,93.52,98.085,105.3758,240,196,0,0,0,0,0,0,-30247,131,29,12,18,0,0,0,0,0,0,29,12,18,0
2024/4/11,75,75.5,74,75.2,0.8,1.0753,74.28,79.18,92.255,97.605,105.0067,165,178,0,0,0,0,0,0,-30492,-245,3,11,18,0,0,0,0,0,0,3,11,18,0
2024/4/12,75.3,79.6,75.3,79.6,4.4,5.8511,74.8,77.09,91.26,97.2483,104.6658,256,185,0,0,0,0,0,0,-30435,57,39,18,22,0,0,0,0,0,0,39,18,22,0
2024/4/15,79.8,80.5,76.1,78.9,-0.7,-0.8794,75.92,76.68,90.265,96.9483,104.3233,131,181,0,0,0,0,0,0,-30866,-431,14,19,16,0,0,0,0,0,0,14,19,16,0
2024/4/16,77,77.3,75.2,76.5,-2.4,-3.0418,76.92,76.34,88.94,96.6067,103.9942,72,172,0,0,0,0,0,0,-31535,-669,1,17,13,0,0,0,0,0,0,1,17,13,0
