日期,開盤,最高,最低,收盤,漲跌,漲跌%,均價5,均價10,均價20,均價60,均價120,成交量,均量5,融資張數,均量5,均量10,融券張數,均量5,均量10,騰落指標,漲跌家數,外資庫存,均量5,均量10,投信庫存,均量5,均量10,自營商庫存,均量5,均量10,法人庫存,均量5,均量10,未平倉量
2023/5/24,52,83.8,52,71.3,0,0,,,,,,446.231,,0,,,0,,,0,0,0,,,0,,,0,,,0,,,0
2023/5/25,69.3,69.3,62,65.8,-5.5,-7.7139,,,,,,262.186,,0,,,0,,,0,0,0,,,0,,,0,,,0,,,0
2023/5/26,65.5,65.5,63.6,63.6,-2.2,-3.3435,,,,,,161.3,,0,,,0,,,0,0,0,,,0,,,0,,,0,,,0
2023/5/29,64.3,64.8,62.8,63.2,-0.4,-0.6289,,,,,,114.075,,0,,,0,,,0,0,0,,,0,,,0,,,0,,,0
2023/5/30,62.8,63,60.8,62,-1.2,-1.8987,65.18,,,,,110.839,218.926,0,0,,0,0,,0,0,0,0,,0,0,,0,0,,0,0,,0
2023/5/31,62.3,62.3,57.8,59.2,-2.8,-4.5161,62.76,,,,,184.373,166.554,0,0,,0,0,,0,0,0,0,,0,0,,0,0,,0,0,,0
2023/6/1,59.3,59.7,56,57.2,-2,-3.3784,61.04,,,,,183.241,150.765,0,0,,0,0,,0,0,0,0,,0,0,,0,0,,0,0,,0
2023/6/2,57.9,60.4,57.1,60.1,2.9,5.0699,60.34,,,,,188.559,156.217,0,0,,0,0,,0,0,0,0,,0,0,,0,0,,0,0,,0
2023/6/5,60.2,61.1,59.4,60,-0.1,-0.1664,59.7,,,,,82.327,149.867,0,0,,0,0,,0,0,0,0,,0,0,,0,0,,0,0,,0
2023/6/6,58.3,60,58.3,59.2,-0.8,-1.3333,59.14,62.16,,,,46.763,137.052,0,0,0,0,0,0,0,0,0,0,0,0,0,0,0,0,0,0,0,0,0
2023/6/7,58.3,60.1,58.3,60.1,0.9,1.5203,59.32,61.04,,,,36.584,107.494,0,0,0,0,0,0,0,0,0,0,0,0,0,0,0,0,0,0,0,0,0
2023/6/8,60.2,60.2,58.9,59.8,-0.3,-0.4992,59.84,60.44,,,,44.761,79.798,0,0,0,0,0,0,0,0,0,0,0,0,0,0,0,0,0,0,0,0,0
2023/6/9,59,59.4,58.5,59,-0.8,-1.3378,59.62,59.98,,,,60.054,54.097,0,0,0,0,0,0,0,0,0,0,0,0,0,0,0,0,0,0,0,0,0
2023/6/12,59.1,59.1,58.4,58.6,-0.4,-0.678,59.34,59.52,,,,46.856,47.003,0,0,0,0,0,0,0,0,0,0,0,0,0,0,0,0,0,0,0,0,0
2023/6/13,59,59.6,58.6,59.1,0.5,0.8532,59.32,59.23,,,,73.435,52.338,0,0,0,0,0,0,0,0,0,0,0,0,0,0,0,0,0,0,0,0,0
2023/6/14,59.6,59.6,58.6,58.8,-0.3,-0.5076,59.06,59.19,,,,56.534,56.328,0,0,0,0,0,0,0,0,0,0,0,0,0,0,0,0,0,0,0,0,0
2023/6/15,58.8,59.4,58.8,59.4,0.6,1.0204,58.98,59.41,,,,19.222,51.22,0,0,0,0,0,0,0,0,0,0,0,0,0,0,0,0,0,0,0,0,0
2023/6/16,59,60.1,59,59.8,0.4,0.6734,59.14,59.38,,,,162.024,71.614,0,0,0,0,0,0,0,0,0,0,0,0,0,0,0,0,0,0,0,0,0
2023/6/19,60,65.5,59.5,65.1,5.3,8.8629,60.44,59.89,,,,246.983,111.639,0,0,0,0,0,0,0,0,0,0,0,0,0,0,0,0,0,0,0,0,0
2023/6/20,65,69.5,62.5,68.7,3.6,5.53,62.36,60.84,61.5,,,311.039,159.16,0,0,0,0,0,0,0,0,0,0,0,0,0,0,0,0,0,0,0,0,0
2023/6/21,68.8,68.9,60.8,61.9,-6.8,-9.8981,62.98,61.02,61.03,,,317.455,211.344,0,0,0,0,0,0,0,0,0,0,0,0,0,0,0,0,0,0,0,0,0
2023/6/26,60.7,61,56.9,60.2,-1.7,-2.7464,63.14,61.06,60.75,,,334.429,274.386,0,0,0,0,0,0,0,0,0,0,0,0,0,0,0,0,0,0,0,0,0
2023/6/27,60,62.2,59,59.2,-1,-1.6611,63.02,61.08,60.53,,,223.161,286.613,0,0,0,0,0,0,0,0,0,0,0,0,0,0,0,0,0,0,0,0,0
2023/6/28,60.1,60.7,59.7,60.6,1.4,2.3649,62.12,61.28,60.4,,,84.27,254.07,0,0,0,0,0,0,0,0,0,0,0,0,0,0,0,0,0,0,0,0,0
2023/6/29,60.7,61.4,60.1,61,0.4,0.6601,60.58,61.47,60.35,,,86.664,209.195,0,0,0,0,0,0,0,0,0,0,0,0,0,0,0,0,0,0,0,0,0
2023/6/30,60.9,65.2,60.4,62.7,1.7,2.7869,60.74,61.86,60.525,,,152.128,176.13,0,0,0,0,0,0,0,0,0,0,0,0,0,0,0,0,0,0,0,0,0
2023/7/3,62,64.3,62,64.2,1.5,2.3923,61.54,62.34,60.875,,,168.556,142.955,0,0,0,0,0,0,0,0,0,0,0,0,0,0,0,0,0,0,0,0,0
2023/7/4,63.8,63.8,61.3,62,-2.2,-3.4268,62.1,62.56,60.97,,,182.919,134.907,0,0,0,0,0,0,0,0,0,0,0,0,0,0,0,0,0,0,0,0,0
2023/7/5,61.9,62.2,60.8,61.3,-0.7,-1.129,62.24,62.18,61.035,,,137.061,145.465,0,0,0,0,0,0,0,0,0,0,0,0,0,0,0,0,0,0,0,0,0
2023/7/6,61.5,61.8,61,61.4,0.1,0.1631,62.32,61.45,61.145,,,59.666,140.066,0,0,0,0,0,0,0,0,0,0,0,0,0,0,0,0,0,0,0,0,0
2023/7/7,61.6,61.8,60.2,60.4,-1,-1.6287,61.86,61.3,61.16,,,95.691,128.778,0,0,0,0,0,0,0,0,0,0,0,0,0,0,0,0,0,0,0,0,0
2023/7/10,60.4,61.9,60.3,61.7,1.3,2.1523,61.36,61.45,61.255,,,22.968,99.661,0,0,0,0,0,0,0,0,0,0,0,0,0,0,0,0,0,0,0,0,0
2023/7/11,60.7,61.2,60.5,61.2,-0.5,-0.8104,61.2,61.65,61.365,,,56.28,74.333,0,0,0,0,0,0,0,0,0,0,0,0,0,0,0,0,0,0,0,0,0
2023/7/12,61,61.6,60.9,60.9,-0.3,-0.4902,61.12,61.68,61.48,,,38.033,54.527,0,0,0,0,0,0,0,0,0,0,0,0,0,0,0,0,0,0,0,0,0
2023/7/13,61.7,62.4,60.9,61.3,0.4,0.6568,61.1,61.71,61.59,,,35.747,49.743,0,0,0,0,0,0,0,0,0,0,0,0,0,0,0,0,0,0,0,0,0
2023/7/14,61.6,61.6,60.8,61.3,0,0,61.28,61.57,61.715,,,45.679,39.741,0,0,0,0,0,0,0,0,0,0,0,0,0,0,0,0,0,0,0,0,0
2023/7/17,61,61.3,60.8,61,-0.3,-0.4894,61.14,61.25,61.795,,,57.602,46.668,0,0,0,0,0,0,0,0,0,0,0,0,0,0,0,0,0,0,0,0,0
2023/7/18,61,61.3,60.8,61.3,0.3,0.4918,61.16,61.18,61.87,,,65.991,48.61,0,0,0,0,0,0,0,0,0,0,0,0,0,0,0,0,0,0,0,0,0
2023/7/19,60.8,61.2,60.8,61.2,-0.1,-0.1631,61.22,61.17,61.675,,,24.694,45.942,0,0,0,0,0,0,0,0,0,0,0,0,0,0,0,0,0,0,0,0,0
2023/7/20,61.2,61.2,60.8,61.2,0,0,61.2,61.15,61.3,,,67.261,52.245,0,0,0,0,0,0,0,0,0,0,0,0,0,0,0,0,0,0,0,0,0
2023/7/21,60.8,61.4,60.6,61,-0.2,-0.3268,61.14,61.21,61.255,,,112.918,65.693,0,0,0,0,0,0,0,0,0,0,0,0,0,0,0,0,0,0,0,0,0
2023/7/24,61.3,62,60.9,61.9,0.9,1.4754,61.32,61.23,61.34,,,49.826,64.138,0,0,0,0,0,0,0,0,0,0,0,0,0,0,0,0,0,0,0,0,0
2023/7/25,61.1,62.2,60.6,60.8,-1.1,-1.7771,61.22,61.19,61.42,,,68.113,64.562,0,0,0,0,0,0,0,0,0,0,0,0,0,0,0,0,0,0,0,0,0
2023/7/26,60.8,64.6,60.5,64.2,3.4,5.5921,61.82,61.52,61.6,,,338.24,127.271,0,0,0,0,0,0,0,0,0,0,0,0,0,0,0,0,0,0,0,0,0
2023/7/27,65,65.8,62.8,63.1,-1.1,-1.7134,62.2,61.7,61.705,,,99.684,133.756,0,0,0,0,0,0,0,0,0,0,0,0,0,0,0,0,0,0,0,0,0
2023/7/28,62.2,63.2,62,63.1,0,0,62.62,61.88,61.725,,,27.172,116.607,0,0,0,0,0,0,0,0,0,0,0,0,0,0,0,0,0,0,0,0,0
2023/7/31,63.1,64.2,63.1,64.2,1.1,1.7433,63.08,62.2,61.725,,,95.807,125.803,0,0,0,0,0,0,0,0,0,0,0,0,0,0,0,0,0,0,0,0,0
2023/8/1,64.2,64.8,63.5,63.8,-0.4,-0.6231,63.68,62.45,61.815,,,79.313,128.043,0,0,0,0,0,0,0,0,0,0,0,0,0,0,0,0,0,0,0,0,0
2023/8/2,63.3,63.8,63.1,63.3,-0.5,-0.7837,63.5,62.66,61.915,,,44.472,69.289,0,0,0,0,0,0,0,0,0,0,0,0,0,0,0,0,0,0,0,0,0
2023/8/4,63.9,64.2,63.5,64.2,0.9,1.4218,63.72,62.96,62.055,,,66.402,62.633,0,0,0,0,0,0,0,0,0,0,0,0,0,0,0,0,0,0,0,0,0
2023/8/7,64.2,65.8,64.2,65.2,1,1.5576,64.14,63.38,62.295,,,171.39,91.476,0,0,0,0,0,0,0,0,0,0,0,0,0,0,0,0,0,0,0,0,0
2023/8/8,64.9,65.5,64.8,65.2,0,0,64.34,63.71,62.47,,,62.057,84.726,0,0,0,0,0,0,0,0,0,0,0,0,0,0,0,0,0,0,0,0,0
2023/8/9,65.2,65.2,64,65.2,0,0,64.62,64.15,62.67,,,82.714,85.407,0,0,0,0,0,0,0,0,0,0,0,0,0,0,0,0,0,0,0,0,0
2023/8/10,64.2,64.9,64,64.5,-0.7,-1.0736,64.86,64.18,62.85,,,35.177,83.548,0,0,0,0,0,0,0,0,0,0,0,0,0,0,0,0,0,0,0,0,0
2023/8/11,64.5,64.5,63.5,63.9,-0.6,-0.9302,64.8,64.26,62.98,,,111.653,92.598,0,0,0,0,0,0,0,0,0,0,0,0,0,0,0,0,0,0,0,0,0
2023/8/14,63.1,64,61.1,63.5,-0.4,-0.626,64.46,64.3,63.09,,,95.904,77.501,0,0,0,0,0,0,0,0,0,0,0,0,0,0,0,0,0,0,0,0,0
2023/8/15,62.6,63.8,62.3,63,-0.5,-0.7874,64.02,64.18,63.19,,,22.137,69.517,0,0,0,0,0,0,0,0,0,0,0,0,0,0,0,0,0,0,0,0,0
2023/8/16,61.1,63,61,63,0,0,63.58,64.1,63.275,,,23.29,57.632,0,0,0,0,0,0,0,0,0,0,0,0,0,0,0,0,0,0,0,0,0
2023/8/17,61.6,62.9,61.5,62.9,-0.1,-0.1587,63.26,64.06,63.36,,,14.457,53.488,0,0,0,0,0,0,0,0,0,0,0,0,0,0,0,0,0,0,0,0,0
2023/8/18,61.7,62.8,61.7,62.8,-0.1,-0.159,63.04,63.92,63.44,62.08,,24.94,36.145,0,0,0,0,0,0,0,0,0,0,0,0,0,0,0,0,0,0,0,0,0
2023/8/21,62.9,63.1,62.3,63.1,0.3,0.4777,62.96,63.71,63.545,61.9433,,14.488,19.862,0,0,0,0,0,0,0,0,0,0,0,0,0,0,0,0,0,0,0,0,0
2023/8/22,62.3,62.9,61.8,62.4,-0.7,-1.1094,62.84,63.43,63.57,61.8867,,56.529,26.74,0,0,0,0,0,0,0,0,0,0,0,0,0,0,0,0,0,0,0,0,0
2023/8/23,61,62.4,61,62.3,-0.1,-0.1603,62.7,63.14,63.645,61.865,,28.855,27.853,0,0,0,0,0,0,0,0,0,0,0,0,0,0,0,0,0,0,0,0,0
2023/8/24,62.5,62.6,61.8,62.6,0.3,0.4815,62.64,62.95,63.565,61.855,,15.895,28.141,0,0,0,0,0,0,0,0,0,0,0,0,0,0,0,0,0,0,0,0,0
2023/8/25,61.1,62.5,61.1,62.5,-0.1,-0.1597,62.58,62.81,63.535,61.8633,,27.94,28.741,0,0,0,0,0,0,0,0,0,0,0,0,0,0,0,0,0,0,0,0,0
2023/8/28,61,62.6,60.8,62.5,0,0,62.46,62.71,63.505,61.9183,,33.935,32.63,0,0,0,0,0,0,0,0,0,0,0,0,0,0,0,0,0,0,0,0,0
2023/8/29,61,61.8,60.8,61.8,-0.7,-1.12,62.34,62.59,63.385,61.995,,25.93,26.511,0,0,0,0,0,0,0,0,0,0,0,0,0,0,0,0,0,0,0,0,0
2023/8/30,61.5,61.9,60.7,61,-0.8,-1.2945,62.08,62.39,63.245,62.01,,14.251,23.59,0,0,0,0,0,0,0,0,0,0,0,0,0,0,0,0,0,0,0,0,0
2023/8/31,61,61.8,60.8,61.5,0.5,0.8197,61.86,62.25,63.155,62.035,,18.937,24.198,0,0,0,0,0,0,0,0,0,0,0,0,0,0,0,0,0,0,0,0,0
2023/9/1,61,61.6,60.8,61,-0.5,-0.813,61.56,62.07,62.995,62.065,,45.286,27.667,0,0,0,0,0,0,0,0,0,0,0,0,0,0,0,0,0,0,0,0,0
2023/9/4,61.5,61.8,60.8,61.4,0.4,0.6557,61.34,61.9,62.805,62.0867,,45.678,30.016,0,0,0,0,0,0,0,0,0,0,0,0,0,0,0,0,0,0,0,0,0
2023/9/5,61.4,61.4,60.2,60.5,-0.9,-1.4658,61.08,61.71,62.57,62.0983,,41.706,33.171,0,0,0,0,0,0,0,0,0,0,0,0,0,0,0,0,0,0,0,0,0
2023/9/6,60.2,60.6,60.1,60.6,0.1,0.1653,61,61.54,62.34,62.125,,4.81,31.283,0,0,0,0,0,0,0,0,0,0,0,0,0,0,0,0,0,0,0,0,0
2023/9/7,60.1,61.4,60.1,61.3,0.7,1.1551,60.96,61.41,62.18,62.17,,17.171,30.93,0,0,0,0,0,0,0,0,0,0,0,0,0,0,0,0,0,0,0,0,0
2023/9/8,60.1,61.4,60.1,61.4,0.1,0.1631,61.04,61.3,62.055,62.2083,,29.271,27.727,0,0,0,0,0,0,0,0,0,0,0,0,0,0,0,0,0,0,0,0,0
2023/9/11,61.6,61.8,59.9,60.5,-0.9,-1.4658,60.86,61.1,61.905,62.2367,,24.749,23.541,0,0,0,0,0,0,0,0,0,0,0,0,0,0,0,0,0,0,0,0,0
2023/9/12,61.1,61.1,59.9,60.7,0.2,0.3306,60.9,60.99,61.79,62.2583,,31.38,21.476,0,0,0,0,0,0,0,0,0,0,0,0,0,0,0,0,0,0,0,0,0
2023/9/13,60.8,60.8,59.9,60.7,0,0,60.92,60.96,61.675,62.2733,,47.742,30.062,0,0,0,0,0,0,0,0,0,0,0,0,0,0,0,0,0,0,0,0,0
2023/9/14,60.2,60.9,60.1,60.3,-0.4,-0.659,60.72,60.84,61.545,62.1933,,44.186,35.465,0,0,0,0,0,0,0,0,0,0,0,0,0,0,0,0,0,0,0,0,0
2023/9/15,60.2,60.8,60.1,60.5,0.2,0.3317,60.54,60.79,61.43,62.0567,,4.09,30.429,0,0,0,0,0,0,0,0,0,0,0,0,0,0,0,0,0,0,0,0,0
2023/9/18,60,60.7,60,60.2,-0.3,-0.4959,60.48,60.67,61.285,62.0283,,12.411,27.961,0,0,0,0,0,0,0,0,0,0,0,0,0,0,0,0,0,0,0,0,0
2023/9/19,60.4,60.4,59.8,60.1,-0.1,-0.1661,60.36,60.63,61.17,62.0267,,39.801,29.646,0,0,0,0,0,0,0,0,0,0,0,0,0,0,0,0,0,0,0,0,0
2023/9/20,60.1,60.7,59.9,60,-0.1,-0.1664,60.22,60.57,61.055,62.04,,11.066,22.31,0,0,0,0,0,0,0,0,0,0,0,0,0,0,0,0,0,0,0,0,0
2023/9/21,59.9,60.3,59.8,60.3,0.3,0.5,60.22,60.47,60.94,62.035,,63.77,26.227,0,0,0,0,0,0,0,0,0,0,0,0,0,0,0,0,0,0,0,0,0
2023/9/22,60.4,60.5,59.6,60,-0.3,-0.4975,60.12,60.33,60.815,62.0183,,84.843,42.378,0,0,0,0,0,0,0,0,0,0,0,0,0,0,0,0,0,0,0,0,0
2023/9/25,59.7,60.4,59.7,60,0,0,60.08,60.28,60.69,61.9733,,12.209,42.337,0,0,0,0,0,0,0,0,0,0,0,0,0,0,0,0,0,0,0,0,0
2023/9/26,59.7,60.2,59.6,60,0,0,60.06,60.21,60.6,61.9033,,26.475,39.672,0,0,0,0,0,0,0,0,0,0,0,0,0,0,0,0,0,0,0,0,0
2023/9/27,59.7,60.2,59.6,60.2,0.2,0.3333,60.1,60.16,60.56,61.8733,,22.05,41.869,0,0,0,0,0,0,0,0,0,0,0,0,0,0,0,0,0,0,0,0,0
2023/9/28,60.2,62.9,60,62.9,2.7,4.485,60.62,60.42,60.63,61.9,,49.761,39.067,0,0,0,0,0,0,0,0,0,0,0,0,0,0,0,0,0,0,0,0,0
2023/10/2,62,63,60.2,61.2,-1.7,-2.7027,60.86,60.49,60.64,61.8967,,36.174,29.333,0,0,0,0,0,0,0,0,0,0,0,0,0,0,0,0,0,0,0,0,0
2023/10/3,61,61,59.9,59.9,-1.3,-2.1242,60.84,60.46,60.565,61.8883,,14.167,29.725,0,0,0,0,0,0,0,0,0,0,0,0,0,0,0,0,0,0,0,0,0
2023/10/4,59.8,60.3,59.8,60.3,0.4,0.6678,60.9,60.48,60.555,61.865,,26.427,29.715,0,0,0,0,0,0,0,0,0,0,0,0,0,0,0,0,0,0,0,0,0
2023/10/5,60.3,60.3,59.8,60.1,-0.2,-0.3317,60.88,60.49,60.53,61.8467,,18.553,29.016,0,0,0,0,0,0,0,0,0,0,0,0,0,0,0,0,0,0,0,0,0
2023/10/6,60.4,60.4,60.4,60.4,0.3,0.4992,60.38,60.5,60.485,61.8383,,0.05,19.074,0,0,0,0,0,0,0,0,0,0,0,0,0,0,0,0,0,0,0,0,0
2023/10/11,60.4,60.4,59.6,59.8,-0.6,-0.9934,60.1,60.48,60.405,61.8133,,44.054,20.65,0,0,0,0,0,0,0,0,0,0,0,0,0,0,0,0,0,0,0,0,0
2023/10/12,59.7,60.2,59.6,59.6,-0.2,-0.3344,60.04,60.44,60.36,61.785,,7.05,19.226,0,0,0,0,0,0,0,0,0,0,0,0,0,0,0,0,0,0,0,0,0
2023/10/13,59.7,60.2,59.7,59.7,0.1,0.1678,59.92,60.41,60.31,61.7633,,11.291,16.199,0,0,0,0,0,0,0,0,0,0,0,0,0,0,0,0,0,0,0,0,0
2023/10/16,59.8,60.1,59.7,59.8,0.1,0.1675,59.86,60.37,60.265,61.7383,,10.322,14.553,0,0,0,0,0,0,0,0,0,0,0,0,0,0,0,0,0,0,0,0,0
2023/10/17,59.7,60.1,59.7,60,0.2,0.3344,59.78,60.08,60.25,61.7183,,6.444,15.832,0,0,0,0,0,0,0,0,0,0,0,0,0,0,0,0,0,0,0,0,0
2023/10/18,60,60.1,59.7,59.9,-0.1,-0.1667,59.8,59.95,60.22,61.6967,,14.886,9.998,0,0,0,0,0,0,0,0,0,0,0,0,0,0,0,0,0,0,0,0,0
2023/10/19,59.6,60.1,59.6,59.6,-0.3,-0.5008,59.8,59.92,60.19,61.6733,,6.471,9.882,0,0,0,0,0,0,0,0,0,0,0,0,0,0,0,0,0,0,0,0,0
2023/10/20,59.6,60.1,59.5,60.1,0.5,0.8389,59.88,59.9,60.19,61.6433,,27.617,13.148,0,0,0,0,0,0,0,0,0,0,0,0,0,0,0,0,0,0,0,0,0
2023/10/23,59.7,59.9,59.4,59.7,-0.4,-0.6656,59.86,59.86,60.175,61.625,,28.111,16.705,0,0,0,0,0,0,0,0,0,0,0,0,0,0,0,0,0,0,0,0,0
2023/10/24,59.7,59.9,59.4,59.7,0,0,59.8,59.79,60.145,61.55,,16.381,18.693,0,0,0,0,0,0,0,0,0,0,0,0,0,0,0,0,0,0,0,0,0
2023/10/25,59.8,59.8,59.5,59.5,-0.2,-0.335,59.72,59.76,60.12,61.49,,16.136,18.943,0,0,0,0,0,0,0,0,0,0,0,0,0,0,0,0,0,0,0,0,0
2023/10/26,59.5,59.7,59,59.3,-0.2,-0.3361,59.66,59.73,60.085,61.4267,,72.065,32.062,0,0,0,0,0,0,0,0,0,0,0,0,0,0,0,0,0,0,0,0,0
2023/10/27,59.1,59.4,58.8,59,-0.3,-0.5059,59.44,59.66,60.035,61.34,,42.284,34.995,0,0,0,0,0,0,0,0,0,0,0,0,0,0,0,0,0,0,0,0,0
2023/10/30,58,59,57,58.4,-0.6,-1.0169,59.18,59.52,59.945,61.25,,68.546,43.082,0,0,0,0,0,0,0,0,0,0,0,0,0,0,0,0,0,0,0,0,0
2023/10/31,59,59.7,58.2,59.7,1.3,2.226,59.18,59.49,59.785,61.19,,28.828,45.571,0,0,0,0,0,0,0,0,0,0,0,0,0,0,0,0,0,0,0,0,0
2023/11/1,57.8,59,57.8,59,-0.7,-1.1725,59.08,59.4,59.675,61.1033,,5.06,43.356,0,0,0,0,0,0,0,0,0,0,0,0,0,0,0,0,0,0,0,0,0
2023/11/2,59.2,59.2,58.1,59,0,0,59.02,59.34,59.63,61,,10.463,31.036,0,0,0,0,0,0,0,0,0,0,0,0,0,0,0,0,0,0,0,0,0
2023/11/3,59.1,59.1,58,58,-1,-1.6949,58.82,59.13,59.515,60.88,,6.073,23.794,0,0,0,0,0,0,0,0,0,0,0,0,0,0,0,0,0,0,0,0,0
2023/11/6,59.6,59.6,58.8,58.8,0.8,1.3793,58.9,59.04,59.45,60.7733,,21.372,14.359,0,0,0,0,0,0,0,0,0,0,0,0,0,0,0,0,0,0,0,0,0
2023/11/7,59.2,59.2,58.9,59.2,0.4,0.6803,58.8,58.99,59.39,60.685,,20.131,12.619,0,0,0,0,0,0,0,0,0,0,0,0,0,0,0,0,0,0,0,0,0
2023/11/8,58.7,59.2,58.6,59.1,-0.1,-0.1689,58.82,58.95,59.355,60.605,,17.858,15.179,0,0,0,0,0,0,0,0,0,0,0,0,0,0,0,0,0,0,0,0,0
2023/11/9,59.1,59.2,58.7,58.8,-0.3,-0.5076,58.78,58.9,59.315,60.5267,,41.544,21.395,0,0,0,0,0,0,0,0,0,0,0,0,0,0,0,0,0,0,0,0,0
2023/11/10,59.2,59.2,58.7,58.8,0,0,58.94,58.88,59.27,60.4567,,26.737,25.528,0,0,0,0,0,0,0,0,0,0,0,0,0,0,0,0,0,0,0,0,0
2023/11/13,58.6,59,58.6,59,0.2,0.3401,58.98,58.94,59.23,60.39,,33.019,27.857,0,0,0,0,0,0,0,0,0,0,0,0,0,0,0,0,0,0,0,0,0
2023/11/14,59.1,59.1,58.7,58.9,-0.1,-0.1695,58.92,58.86,59.175,60.3233,,9.322,25.696,0,0,0,0,0,0,0,0,0,0,0,0,0,0,0,0,0,0,0,0,0
2023/11/15,58.9,59.4,58.6,59.4,0.5,0.8489,58.98,58.9,59.15,60.2667,61.1733,35.2,29.164,0,0,0,0,0,0,0,0,0,0,0,0,0,0,0,0,0,0,0,0,0
2023/11/16,59.5,59.6,58.9,59.1,-0.3,-0.5051,59.04,58.91,59.125,60.2,61.0717,16.941,24.243,0,0,0,0,0,0,0,0,0,0,0,0,0,0,0,0,0,0,0,0,0
2023/11/17,58.9,59.4,58.9,59.4,0.3,0.5076,59.16,59.05,59.09,60.15,61.0183,8.403,20.577,0,0,0,0,0,0,0,0,0,0,0,0,0,0,0,0,0,0,0,0,0
2023/11/20,58.9,59.2,58.8,58.8,-0.6,-1.0101,59.12,59.05,59.045,60.0917,60.9783,17.661,17.505,0,0,0,0,0,0,0,0,0,0,0,0,0,0,0,0,0,0,0,0,0
2023/11/21,58.8,59.3,58.8,59.3,0.5,0.8503,59.2,59.06,59.025,60.0367,60.9458,17.209,19.082,0,0,0,0,0,0,0,0,0,0,0,0,0,0,0,0,0,0,0,0,0
2023/11/22,59,59.2,59,59.2,-0.1,-0.1686,59.16,59.07,59.01,59.9817,60.9225,8.05,13.652,0,0,0,0,0,0,0,0,0,0,0,0,0,0,0,0,0,0,0,0,0
2023/11/23,58.8,59.1,58.8,58.9,-0.3,-0.5068,59.12,59.08,58.99,59.9217,60.92,4.175,11.099,0,0,0,0,0,0,0,0,0,0,0,0,0,0,0,0,0,0,0,0,0
2023/11/24,59.2,59.3,58.9,59.2,0.3,0.5093,59.08,59.12,59,59.8783,60.9367,22.754,13.969,0,0,0,0,0,0,0,0,0,0,0,0,0,0,0,0,0,0,0,0,0
2023/11/27,59.3,59.4,58.7,59.3,0.1,0.1689,59.18,59.15,59.045,59.85,60.93,25.955,15.628,0,0,0,0,0,0,0,0,0,0,0,0,0,0,0,0,0,0,0,0,0
2023/11/28,59,59.3,58.8,59,-0.3,-0.5059,59.12,59.16,59.01,59.8083,60.9217,14.645,15.115,0,0,0,0,0,0,0,0,0,0,0,0,0,0,0,0,0,0,0,0,0
2023/11/29,59.1,59.3,59,59.2,0.2,0.339,59.12,59.14,59.02,59.7783,60.9217,16.522,16.81,0,0,0,0,0,0,0,0,0,0,0,0,0,0,0,0,0,0,0,0,0
2023/11/30,59.2,59.5,59,59.4,0.2,0.3378,59.22,59.17,59.04,59.745,60.9158,20.466,20.068,0,0,0,0,0,0,0,0,0,0,0,0,0,0,0,0,0,0,0,0,0
2023/12/1,59.2,59.6,59.2,59.6,0.2,0.3367,59.3,59.19,59.12,59.73,60.9142,10.106,17.538,0,0,0,0,0,0,0,0,0,0,0,0,0,0,0,0,0,0,0,0,0
2023/12/4,60,60.2,59.3,60.2,0.6,1.0067,59.48,59.33,59.19,59.7233,60.9242,16.389,15.625,0,0,0,0,0,0,0,0,0,0,0,0,0,0,0,0,0,0,0,0,0
2023/12/5,60.2,60.7,60.1,60.5,0.3,0.4983,59.78,59.45,59.255,59.71,60.94,35.451,19.786,0,0,0,0,0,0,0,0,0,0,0,0,0,0,0,0,0,0,0,0,0
2023/12/6,61.5,62.2,60.7,60.7,0.2,0.3306,60.08,59.6,59.335,59.6983,60.9533,44.009,25.284,0,0,0,0,0,0,0,0,0,0,0,0,0,0,0,0,0,0,0,0,0
2023/12/7,61.7,61.7,60.3,60.4,-0.3,-0.4942,60.28,59.75,59.415,59.6967,60.9667,12.1,23.611,0,0,0,0,0,0,0,0,0,0,0,0,0,0,0,0,0,0,0,0,0
2023/12/8,61.3,61.3,60,61.1,0.7,1.1589,60.58,59.94,59.53,59.7033,60.9808,4.473,22.484,0,0,0,0,0,0,0,0,0,0,0,0,0,0,0,0,0,0,0,0,0
2023/12/11,60,60.9,59.9,60.4,-0.7,-1.1457,60.62,60.05,59.6,59.6983,60.9858,28.216,24.849,0,0,0,0,0,0,0,0,0,0,0,0,0,0,0,0,0,0,0,0,0
2023/12/12,60.1,60.5,60,60.3,-0.1,-0.1656,60.58,60.18,59.67,59.6983,60.9458,25.044,22.768,0,0,0,0,0,0,0,0,0,0,0,0,0,0,0,0,0,0,0,0,0
2023/12/13,60.3,60.7,60.2,60.6,0.3,0.4975,60.56,60.32,59.73,59.7,60.8783,30.723,20.111,0,0,0,0,0,0,0,0,0,0,0,0,0,0,0,0,0,0,0,0,0
2023/12/14,60.6,60.6,60.1,60.5,-0.1,-0.165,60.58,60.43,59.8,59.705,60.8667,14.773,20.645,0,0,0,0,0,0,0,0,0,0,0,0,0,0,0,0,0,0,0,0,0
2023/12/15,60.5,60.7,60.3,60.7,0.2,0.3306,60.5,60.54,59.865,59.715,60.8708,12.246,22.2,0,0,0,0,0,0,0,0,0,0,0,0,0,0,0,0,0,0,0,0,0
2023/12/18,60.7,62,60.2,61.2,0.5,0.8237,60.66,60.64,59.985,59.735,60.8875,91.862,34.929,0,0,0,0,0,0,0,0,0,0,0,0,0,0,0,0,0,0,0,0,0
2023/12/19,62,62.5,61.7,62.4,1.2,1.9608,61.08,60.83,60.14,59.77,60.9025,182.904,66.501,0,0,0,0,0,0,0,0,0,0,0,0,0,0,0,0,0,0,0,0,0
2023/12/20,62.6,64.5,62.6,64.4,2,3.2051,61.84,61.2,60.4,59.8433,60.9308,235.869,107.53,0,0,0,0,0,0,0,0,0,0,0,0,0,0,0,0,0,0,0,0,0
2023/12/21,64.5,67.7,63.7,67.7,3.3,5.1242,63.28,61.93,60.84,59.9717,60.9725,219.356,148.447,0,0,0,0,0,0,0,0,0,0,0,0,0,0,0,0,0,0,0,0,0
2023/12/22,67.7,69.3,66.7,69.1,1.4,2.0679,64.96,62.73,61.335,60.1233,61.0133,67.715,159.541,0,0,0,0,0,0,0,0,0,0,0,0,0,0,0,0,0,0,0,0,0
2023/12/25,67.2,71.3,67.2,70.7,1.6,2.3155,66.86,63.76,61.905,60.2983,61.0858,177.799,176.728,0,0,0,0,0,0,0,0,0,0,0,0,0,0,0,0,0,0,0,0,0
2023/12/26,71.5,80.2,70.7,77.3,6.6,9.3352,69.84,65.46,62.82,60.5383,61.2192,281.946,196.537,0,0,0,0,0,0,0,0,0,0,0,0,0,0,0,0,0,0,0,0,0
2023/12/27,77.3,80.3,77.1,79.6,2.3,2.9754,72.88,67.36,63.84,60.845,61.3708,307.917,210.946,0,0,0,0,0,0,0,0,0,0,0,0,0,0,0,0,0,0,0,0,0
2023/12/28,79.6,80.6,68,74.3,-5.3,-6.6583,74.2,68.74,64.585,61.085,61.4867,317.811,230.637,0,0,0,0,0,0,0,0,0,0,0,0,0,0,0,0,0,0,0,0,0
2023/12/29,72.2,72.2,65.6,67.6,-6.7,-9.0175,73.9,69.43,64.985,61.2067,61.5358,378.031,292.7,0,0,0,0,0,0,0,0,0,0,0,0,0,0,0,0,0,0,0,0,0
2024/1/2,66.8,67.3,64,67,-0.6,-0.8876,73.16,70.01,65.325,61.3217,61.5842,148.392,286.819,0,0,0,0,0,0,0,0,0,0,0,0,0,0,0,0,0,0,0,0,0
2024/1/3,68,68,66.7,66.9,-0.1,-0.1493,71.08,70.46,65.645,61.43,61.6342,36.297,237.689,0,0,0,0,0,0,0,0,0,0,0,0,0,0,0,0,0,0,0,0,0
2024/1/4,66.7,67.3,66.5,66.9,0,0,68.54,70.71,65.955,61.5483,61.6808,24.037,180.913,0,0,0,0,0,0,0,0,0,0,0,0,0,0,0,0,0,0,0,0,0
2024/1/5,66.2,67.9,66.2,67.9,1,1.4948,67.26,70.73,66.33,61.6867,61.7358,13.308,120.013,0,0,0,0,0,0,0,0,0,0,0,0,0,0,0,0,0,0,0,0,0
2024/1/8,68,68,67,67,-0.9,-1.3255,67.14,70.52,66.625,61.8083,61.7858,46.784,53.763,0,0,0,0,0,0,0,0,0,0,0,0,0,0,0,0,0,0,0,0,0
2024/1/9,67,67.7,66.2,66.4,-0.6,-0.8955,67.02,70.09,66.925,61.9183,61.8283,26.815,29.448,0,0,0,0,0,0,0,0,0,0,0,0,0,0,0,0,0,0,0,0,0
2024/1/10,67.1,67.3,66.1,66.8,0.4,0.6024,67,69.04,67.25,62.0317,61.875,17.066,25.602,0,0,0,0,0,0,0,0,0,0,0,0,0,0,0,0,0,0,0,0,0
2024/1/11,67.4,67.4,66.5,66.9,0.1,0.1497,67,67.77,67.565,62.1483,61.9225,48.171,30.428,0,0,0,0,0,0,0,0,0,0,0,0,0,0,0,0,0,0,0,0,0
2024/1/12,67.6,67.6,67,67.3,0.4,0.5979,66.88,67.07,67.905,62.2767,61.975,5.68,28.903,0,0,0,0,0,0,0,0,0,0,0,0,0,0,0,0,0,0,0,0,0
2024/1/15,67.8,68.4,66.7,67.8,0.5,0.7429,67.04,67.09,68.26,62.405,62.0242,18.733,23.293,0,0,0,0,0,0,0,0,0,0,0,0,0,0,0,0,0,0,0,0,0
2024/1/16,68.9,70.9,68.6,68.8,1,1.4749,67.52,67.27,68.64,62.5567,62.0908,56.094,29.148,0,0,0,0,0,0,0,0,0,0,0,0,0,0,0,0,0,0,0,0,0
2024/1/17,69.6,69.6,68.3,69,0.2,0.2907,67.96,67.48,68.97,62.7117,62.1308,17.163,29.168,0,0,0,0,0,0,0,0,0,0,0,0,0,0,0,0,0,0,0,0,0
2024/1/18,69,69.2,68.3,69.2,0.2,0.2899,68.42,67.71,69.21,62.8733,62.1817,48.817,29.297,0,0,0,0,0,0,0,0,0,0,0,0,0,0,0,0,0,0,0,0,0
2024/1/19,69.2,69.5,69,69.1,-0.1,-0.1445,68.78,67.83,69.28,63.0367,62.2317,20.764,32.314,0,0,0,0,0,0,0,0,0,0,0,0,0,0,0,0,0,0,0,0,0
2024/1/22,69.6,70.3,69.5,70.2,1.1,1.5919,69.26,68.15,69.335,63.2233,62.2817,14.872,31.542,0,0,0,0,0,0,0,0,0,0,0,0,0,0,0,0,0,0,0,0,0
2024/1/23,70.2,71.2,69.5,70.2,0,0,69.54,68.53,69.31,63.42,62.335,62.203,32.763,0,0,0,0,0,0,0,0,0,0,0,0,0,0,0,0,0,0,0,0,0
2024/1/24,70.2,70.2,69.5,70,-0.2,-0.2849,69.74,68.85,68.945,63.5917,62.3908,17.008,32.732,0,0,0,0,0,0,0,0,0,0,0,0,0,0,0,0,0,0,0,0,0
2024/1/25,69.5,70.8,69.2,70.3,0.3,0.4286,69.96,69.19,68.48,63.78,62.4417,100.196,43.008,0,0,0,0,0,0,0,0,0,0,0,0,0,0,0,0,0,0,0,0,0
2024/1/26,70.1,71,69.7,70.4,0.1,0.1422,70.22,69.5,68.285,63.97,62.485,35.671,45.99,0,0,0,0,0,0,0,0,0,0,0,0,0,0,0,0,0,0,0,0,0
2024/1/29,69.9,71.6,69.9,71.3,0.9,1.2784,70.44,69.85,68.47,64.1917,62.5358,56.155,54.246,0,0,0,0,0,0,0,0,0,0,0,0,0,0,0,0,0,0,0,0,0
2024/1/30,73,73.2,70.9,72.2,0.9,1.2623,70.84,70.19,68.73,64.415,62.5942,47.755,51.357,0,0,0,0,0,0,0,0,0,0,0,0,0,0,0,0,0,0,0,0,0
2024/1/31,71.6,73,71.6,71.8,-0.4,-0.554,71.2,70.47,68.975,64.625,62.655,16.105,51.176,0,0,0,0,0,0,0,0,0,0,0,0,0,0,0,0,0,0,0,0,0
2024/2/1,72.7,72.8,71.4,71.4,-0.4,-0.5571,71.42,70.69,69.2,64.83,62.7175,68.984,44.934,0,0,0,0,0,0,0,0,0,0,0,0,0,0,0,0,0,0,0,0,0
2024/2/2,71.7,71.7,69.8,69.9,-1.5,-2.1008,71.32,70.77,69.3,65.015,62.7708,57.509,49.301,0,0,0,0,0,0,0,0,0,0,0,0,0,0,0,0,0,0,0,0,0
2024/2/5,70.7,72.3,69.6,72.3,2.4,3.4335,71.52,70.98,69.565,65.24,62.8483,128.254,63.721,0,0,0,0,0,0,0,0,0,0,0,0,0,0,0,0,0,0,0,0,0
2024/2/15,71.2,72.3,70.9,71.8,-0.5,-0.6916,71.44,71.14,69.835,65.4533,62.9217,45.588,63.288,0,0,0,0,0,0,0,0,0,0,0,0,0,0,0,0,0,0,0,0,0
2024/2/16,71.7,72.3,70.7,70.7,-1.1,-1.532,71.22,71.21,70.03,65.65,62.9867,65.335,73.134,0,0,0,0,0,0,0,0,0,0,0,0,0,0,0,0,0,0,0,0,0
2024/2/19,70.7,71.8,70.5,71.3,0.6,0.8487,71.2,71.31,70.25,65.8483,63.0575,57.747,70.886,0,0,0,0,0,0,0,0,0,0,0,0,0,0,0,0,0,0,0,0,0
2024/2/20,71.6,72.1,71.3,71.4,0.1,0.1403,71.5,71.41,70.455,66.0533,63.1267,91.282,77.641,0,0,0,0,0,0,0,0,0,0,0,0,0,0,0,0,0,0,0,0,0
2024/2/21,72,72.3,71.2,71.9,0.5,0.7003,71.42,71.47,70.66,66.2617,63.2058,95.994,71.189,0,0,0,0,0,0,0,0,0,0,0,0,0,0,0,0,0,0,0,0,0
2024/2/22,71,72.4,71,71.1,-0.8,-1.1127,71.28,71.36,70.775,66.4667,63.2792,46.23,71.317,0,0,0,0,0,0,0,0,0,0,0,0,0,0,0,0,0,0,0,0,0
2024/2/23,71,72,71,71.6,0.5,0.7032,71.46,71.34,70.905,66.6717,63.3542,67.364,71.723,0,0,0,0,0,0,0,0,0,0,0,0,0,0,0,0,0,0,0,0,0
2024/2/26,71.7,71.8,71.3,71.4,-0.2,-0.2793,71.48,71.34,71.015,66.875,63.4283,40.091,68.192,0,0,0,0,0,0,0,0,0,0,0,0,0,0,0,0,0,0,0,0,0
2024/2/27,71.3,71.5,70.3,70.3,-1.1,-1.5406,71.26,71.38,71.075,67.065,63.4933,91.8,68.295,0,0,0,0,0,0,0,0,0,0,0,0,0,0,0,0,0,0,0,0,0
2024/2/29,71,71,69.7,70.3,0,0,70.94,71.18,71.08,67.25,63.5642,76.985,64.494,0,0,0,0,0,0,0,0,0,0,0,0,0,0,0,0,0,0,0,0,0
2024/3/1,69.7,70.8,69.7,69.9,-0.4,-0.569,70.7,70.99,71.065,67.4267,63.6383,47.863,64.82,0,0,0,0,0,0,0,0,0,0,0,0,0,0,0,0,0,0,0,0,0
2024/3/4,70.3,70.5,69.2,69.5,-0.4,-0.5722,70.28,70.87,71.04,67.6017,63.705,90.588,69.465,0,0,0,0,0,0,0,0,0,0,0,0,0,0,0,0,0,0,0,0,0
2024/3/5,69.1,69.4,68.7,68.9,-0.6,-0.8633,69.78,70.63,70.97,67.7633,63.7708,49.43,71.333,0,0,0,0,0,0,0,0,0,0,0,0,0,0,0,0,0,0,0,0,0
2024/3/6,68.6,68.9,66.8,67,-1.9,-2.7576,69.12,70.19,70.8,67.89,63.8175,114.827,75.938,0,0,0,0,0,0,0,0,0,0,0,0,0,0,0,0,0,0,0,0,0
2024/3/7,67,67.6,64.8,65.9,-1.1,-1.6418,68.24,69.59,70.53,67.995,63.8625,83.692,77.28,0,0,0,0,0,0,0,0,0,0,0,0,0,0,0,0,0,0,0,0,0
2024/3/8,66,66.1,65,65.4,-0.5,-0.7587,67.34,69.02,70.19,68.0817,63.9025,23.431,72.393,0,0,0,0,0,0,0,0,0,0,0,0,0,0,0,0,0,0,0,0,0
2024/3/11,65.8,66.5,64.9,65.7,0.3,0.4587,66.58,68.43,69.885,68.1683,63.9392,84.051,71.086,0,0,0,0,0,0,0,0,0,0,0,0,0,0,0,0,0,0,0,0,0
2024/3/12,65.8,70.2,65.5,68.9,3.2,4.8706,66.58,68.18,69.76,68.305,64.0017,41.115,69.423,0,0,0,0,0,0,0,0,0,0,0,0,0,0,0,0,0,0,0,0,0
2024/3/13,68.5,69.3,67.5,67.5,-1.4,-2.0319,66.68,67.9,69.64,68.4233,64.06,38.797,54.217,0,0,0,0,0,0,0,0,0,0,0,0,0,0,0,0,0,0,0,0,0
2024/3/14,67.1,68.3,67.1,67.3,-0.2,-0.2963,66.96,67.6,69.39,68.5267,64.115,7.479,38.974,0,0,0,0,0,0,0,0,0,0,0,0,0,0,0,0,0,0,0,0,0
2024/3/15,67.3,68.3,67.3,68.2,0.9,1.3373,67.52,67.43,69.21,68.6567,64.1775,11.574,36.603,0,0,0,0,0,0,0,0,0,0,0,0,0,0,0,0,0,0,0,0,0
2024/3/18,67.4,68.2,67.2,67.5,-0.7,-1.0264,67.88,67.23,69.05,68.7767,64.2375,13.224,22.437,0,0,0,0,0,0,0,0,0,0,0,0,0,0,0,0,0,0,0,0,0
2024/3/19,68.2,68.3,67.6,67.6,0.1,0.1481,67.62,67.1,68.865,68.8933,64.2967,15.417,17.298,0,0,0,0,0,0,0,0,0,0,0,0,0,0,0,0,0,0,0,0,0
2024/3/20,67.6,68.3,67.6,67.6,0,0,67.64,67.16,68.675,69.0117,64.3583,21.171,13.773,0,0,0,0,0,0,0,0,0,0,0,0,0,0,0,0,0,0,0,0,0
2024/3/21,68.3,68.3,67.5,67.6,0,0,67.7,67.33,68.46,69.1267,64.4208,43.663,21.009,0,0,0,0,0,0,0,0,0,0,0,0,0,0,0,0,0,0,0,0,0
2024/3/22,67.4,68.2,66.7,68.2,0.6,0.8876,67.7,67.61,68.315,69.2433,64.4892,27.59,24.213,0,0,0,0,0,0,0,0,0,0,0,0,0,0,0,0,0,0,0,0,0
2024/3/25,68.2,68.2,67.5,67.5,-0.7,-1.0264,67.7,67.79,68.11,69.3283,64.5492,12.375,24.043,0,0,0,0,0,0,0,0,0,0,0,0,0,0,0,0,0,0,0,0,0
2024/3/26,67.5,67.5,66.9,67.2,-0.3,-0.4444,67.62,67.62,67.9,69.375,64.6092,21.192,25.198,0,0,0,0,0,0,0,0,0,0,0,0,0,0,0,0,0,0,0,0,0
2024/3/27,66.9,67,66.5,66.6,-0.6,-0.8929,67.42,67.53,67.715,69.3567,64.6642,15.497,24.063,0,0,0,0,0,0,0,0,0,0,0,0,0,0,0,0,0,0,0,0,0
2024/3/28,66.5,67.3,66.5,67.3,0.7,1.0511,67.36,67.53,67.565,69.3267,64.725,12.754,17.881,0,0,0,0,0,0,0,0,0,0,0,0,0,0,0,0,0,0,0,0,0
2024/3/29,67,67,66.6,67,-0.3,-0.4458,67.12,67.41,67.42,69.265,64.7817,16.23,15.609,0,0,0,0,0,0,0,0,0,0,0,0,0,0,0,0,0,0,0,0,0
2024/4/1,67.3,67.3,66,66.3,-0.7,-1.0448,66.88,67.29,67.26,69.0817,64.81,41.121,21.358,0,0,0,0,0,0,0,0,0,0,0,0,0,0,0,0,0,0,0,0,0
2024/4/2,66.1,66.9,66,66.9,0.6,0.905,66.82,67.22,67.16,68.87,64.8575,28.084,22.737,0,0,0,0,0,0,0,0,0,0,0,0,0,0,0,0,0,0,0,0,0
2024/4/3,66,66.3,65.8,65.9,-1,-1.4948,66.68,67.05,67.105,68.73,64.9075,9.141,21.466,0,0,0,0,0,0,0,0,0,0,0,0,0,0,0,0,0,0,0,0,0
2024/4/8,65.9,66.6,65.9,66.6,0.7,1.0622,66.54,66.95,67.14,68.7133,64.96,15.25,21.965,0,0,0,0,0,0,0,0,0,0,0,0,0,0,0,0,0,0,0,0,0
2024/4/9,65.9,66.7,65.9,66.7,0.1,0.1502,66.48,66.8,67.205,68.7083,65.015,21.515,23.022,0,0,0,0,0,0,0,0,0,0,0,0,0,0,0,0,0,0,0,0,0
2024/4/10,66.7,66.9,66.3,66.3,-0.4,-0.5997,66.48,66.68,67.235,68.6983,65.0642,21.898,19.177,0,0,0,0,0,0,0,0,0,0,0,0,0,0,0,0,0,0,0,0,0
2024/4/11,66.3,66.9,66.2,66.5,0.2,0.3017,66.4,66.61,67.115,68.6917,65.12,22.12,17.984,0,0,0,0,0,0,0,0,0,0,0,0,0,0,0,0,0,0,0,0,0
2024/4/12,66.5,66.7,66.1,66.3,-0.2,-0.3008,66.48,66.58,67.055,68.665,65.1758,13.5,18.856,0,0,0,0,0,0,0,0,0,0,0,0,0,0,0,0,0,0,0,0,0
2024/4/15,66.5,66.6,65.8,66.1,-0.2,-0.3017,66.38,66.46,66.995,68.65,65.2292,50.942,25.995,0,0,0,0,0,0,0,0,0,0,0,0,0,0,0,0,0,0,0,0,0
2024/4/16,66.1,66.1,64.2,64.5,-1.6,-2.4206,65.94,66.21,66.81,68.6183,65.2683,49.344,31.56,0,0,0,0,0,0,0,0,0,0,0,0,0,0,0,0,0,0,0,0,0
2024/4/17,64.7,65.7,64.2,65.7,1.2,1.8605,65.82,66.15,66.72,68.6,65.3158,25.059,32.193,0,0,0,0,0,0,0,0,0,0,0,0,0,0,0,0,0,0,0,0,0
2024/4/18,67.2,67.3,64.9,66.9,1.2,1.8265,65.9,66.15,66.685,68.6,65.3742,8.954,29.559,0,0,0,0,0,0,0,0,0,0,0,0,0,0,0,0,0,0,0,0,0
2024/4/19,67,67.2,65.1,67.2,0.3,0.4484,66.08,66.28,66.665,68.5983,65.4375,17.355,30.33,0,0,0,0,0,0,0,0,0,0,0,0,0,0,0,0,0,0,0,0,0
2024/4/22,65.4,66,65.4,65.5,-1.7,-2.5298,65.96,66.17,66.56,68.56,65.4825,23.624,24.867,0,0,0,0,0,0,0,0,0,0,0,0,0,0,0,0,0,0,0,0,0
2024/4/23,66,66.8,66,66.5,1,1.5267,66.36,66.15,66.475,68.5217,65.5392,30.91,21.18,0,0,0,0,0,0,0,0,0,0,0,0,0,0,0,0,0,0,0,0,0
2024/4/24,66.8,67.3,66.7,67,0.5,0.7519,66.62,66.22,66.45,68.4883,65.6,14.346,19.037,0,0,0,0,0,0,0,0,0,0,0,0,0,0,0,0,0,0,0,0,0
2024/4/25,67.3,67.6,66.6,66.9,-0.1,-0.1493,66.62,66.26,66.435,68.45,65.6617,26.304,22.507,0,0,0,0,0,0,0,0,0,0,0,0,0,0,0,0,0,0,0,0,0
2024/4/26,67.3,67.3,66.3,67.3,0.4,0.5979,66.64,66.36,66.47,68.42,65.7283,2.276,19.492,0,0,0,0,0,0,0,0,0,0,0,0,0,0,0,0,0,0,0,0,0
2024/4/29,67.3,67.3,66.2,67,-0.3,-0.4458,66.94,66.45,66.455,68.3667,65.795,10.336,16.834,0,0,0,0,0,0,0,0,0,0,0,0,0,0,0,0,0,0,0,0,0
2024/4/30,67,67.3,66,67.3,0.3,0.4478,67.1,66.73,66.47,68.3183,65.8692,25.419,15.736,0,0,0,0,0,0,0,0,0,0,0,0,0,0,0,0,0,0,0,0,0
2024/5/2,66,67.3,65.8,66.3,-1,-1.4859,66.96,66.79,66.47,68.2567,65.9242,25.506,17.968,0,0,0,0,0,0,0,0,0,0,0,0,0,0,0,0,0,0,0,0,0
2024/5/3,67.1,67.2,66,67.2,0.9,1.3575,67.02,66.82,66.485,68.205,65.9925,12.646,15.236,0,0,0,0,0,0,0,0,0,0,0,0,0,0,0,0,0,0,0,0,0
2024/5/6,67.3,67.5,66.5,66.7,-0.5,-0.744,66.9,66.77,66.525,68.1433,66.0567,13.133,17.408,0,0,0,0,0,0,0,0,0,0,0,0,0,0,0,0,0,0,0,0,0
2024/5/7,66.4,66.9,66.1,66.4,-0.3,-0.4498,66.78,66.86,66.515,68.0617,66.1267,13.517,18.044,0,0,0,0,0,0,0,0,0,0,0,0,0,0,0,0,0,0,0,0,0
2024/5/8,66.5,66.6,66.2,66.6,0.2,0.3012,66.64,66.87,66.51,67.9683,66.1917,15.48,16.056,0,0,0,0,0,0,0,0,0,0,0,0,0,0,0,0,0,0,0,0,0
2024/5/9,66.2,66.4,66,66,-0.6,-0.9009,66.58,66.77,66.495,67.8717,66.2483,15.213,13.997,0,0,0,0,0,0,0,0,0,0,0,0,0,0,0,0,0,0,0,0,0
2024/5/10,66,66.7,66,66.4,0.4,0.6061,66.42,66.72,66.49,67.7883,66.3092,22.35,15.938,0,0,0,0,0,0,0,0,0,0,0,0,0,0,0,0,0,0,0,0,0
2024/5/13,66.5,67.5,66.5,66.9,0.5,0.753,66.46,66.68,66.52,67.7383,66.3767,33.632,20.038,0,0,0,0,0,0,0,0,0,0,0,0,0,0,0,0,0,0,0,0,0
2024/5/14,66.9,67.9,66.7,67.9,1,1.4948,66.76,66.77,66.61,67.665,66.4525,48.698,27.074,0,0,0,0,0,0,0,0,0,0,0,0,0,0,0,0,0,0,0,0,0
2024/5/15,68,68.8,67.8,68.1,0.2,0.2946,67.06,66.85,66.79,67.6033,66.5283,58.648,35.708,0,0,0,0,0,0,0,0,0,0,0,0,0,0,0,0,0,0,0,0,0
2024/5/16,68.1,68.7,67.7,68,-0.1,-0.1468,67.46,67.02,66.905,67.5583,66.6042,64.459,45.557,0,0,0,0,0,0,0,0,0,0,0,0,0,0,0,0,0,0,0,0,0
2024/5/17,68.2,70.6,68,70.5,2.5,3.6765,68.28,67.35,67.085,67.545,66.6967,199.29,80.945,0,0,0,0,0,0,0,0,0,0,0,0,0,0,0,0,0,0,0,0,0
2024/5/20,70.2,73.9,70.2,72.5,2,2.8369,69.4,67.93,67.35,67.5633,66.8083,245.376,123.294,0,0,0,0,0,0,0,0,0,0,0,0,0,0,0,0,0,0,0,0,0
2024/5/21,72.6,73.4,69.5,69.7,-2.8,-3.8621,69.76,68.26,67.56,67.5267,66.8942,248.541,163.262,0,0,0,0,0,0,0,0,0,0,0,0,0,0,0,0,0,0,0,0,0
2024/5/22,70.1,70.5,70,70.4,0.7,1.0043,70.22,68.64,67.755,67.515,66.9908,84.265,168.386,0,0,0,0,0,0,0,0,0,0,0,0,0,0,0,0,0,0,0,0,0
2024/5/23,70,70.5,69.8,70.3,-0.1,-0.142,70.68,69.07,67.92,67.4933,67.0825,55.101,166.514,0,0,0,0,0,0,0,0,0,0,0,0,0,0,0,0,0,0,0,0,0
2024/5/24,69.7,70.3,69.5,70,-0.3,-0.4267,70.58,69.43,68.075,67.47,67.1725,47.061,136.068,0,0,0,0,0,0,0,0,0,0,0,0,0,0,0,0,0,0,0,0,0
2024/5/27,70.4,70.4,69.7,70.4,0.4,0.5714,70.16,69.78,68.23,67.4717,67.2683,81.379,103.269,0,0,0,0,0,0,0,0,0,0,0,0,0,0,0,0,0,0,0,0,0
2024/5/28,70,70,65,68.8,-1.6,-2.2727,69.98,69.87,68.32,67.4467,67.3483,172.529,88.067,0,0,0,0,0,0,0,0,0,0,0,0,0,0,0,0,0,0,0,0,0
2024/5/29,69.2,69.5,68.1,68.7,-0.1,-0.1453,69.64,69.93,68.39,67.4267,67.4267,100.953,91.404,0,0,0,0,0,0,0,0,0,0,0,0,0,0,0,0,0,0,0,0,0
2024/5/30,68.8,69.1,68.1,68.7,0,0,69.32,70,68.51,67.4133,67.5075,68.038,93.992,0,0,0,0,0,0,0,0,0,0,0,0,0,0,0,0,0,0,0,0,0
2024/5/31,68.8,68.8,67.9,68.6,-0.1,-0.1456,69.04,69.81,68.58,67.4083,67.5858,98.325,104.244,0,0,0,0,0,0,0,0,0,0,0,0,0,0,0,0,0,0,0,0,0
