日期,開盤,最高,最低,收盤,漲跌,漲跌%,均價5,均價10,均價20,均價60,均價120,成交量,均量5,融資張數,均量5,均量10,融券張數,均量5,均量10,騰落指標,漲跌家數,外資庫存,均量5,均量10,投信庫存,均量5,均量10,自營商庫存,均量5,均量10,法人庫存,均量5,均量10,未平倉量
2020/10/27,45,62.1,45,57.2,0,0,,,,,,1012,,0,,,0,,,-30538,-30538,0,,,0,,,0,,,0,,,0
2020/10/28,55.5,58.3,54.5,56.5,-0.7,-1.2238,,,,,,444,,0,,,0,,,-30981,-443,0,,,0,,,0,,,0,,,0
2020/10/29,53.5,56,50,51.5,-5,-8.8496,,,,,,387,,0,,,0,,,-31386,-405,0,,,0,,,0,,,0,,,0
2020/10/30,51.5,52.3,49.6,51.9,0.4,0.7767,,,,,,435,,0,,,0,,,-31963,-577,0,,,0,,,0,,,0,,,0
2020/11/2,52,52,49,50,-1.9,-3.6609,53.42,,,,,281,511,0,0,,0,0,,-32097,-134,0,0,,0,0,,0,0,,0,0,,0
2020/11/3,49.5,51,48.6,50,0,0,51.98,,,,,200,349,0,0,,0,0,,-31486,611,0,0,,0,0,,0,0,,0,0,,0
2020/11/4,49.5,50.5,47.3,49,-1,-2,50.48,,,,,367,334,0,0,,0,0,,-31225,261,0,0,,0,0,,0,0,,0,0,,0
2020/11/5,48.5,49,46.3,46.3,-2.7,-5.5102,49.44,,,,,258,308,0,0,,0,0,,-31139,86,0,0,,0,0,,0,0,,0,0,,0
2020/11/6,48,48,45.7,47,0.7,1.5119,48.46,,,,,222,265,0,0,,0,0,,-31095,44,0,0,,0,0,,0,0,,0,0,,0
2020/11/9,46.3,47,45.6,46.2,-0.8,-1.7021,47.7,50.56,,,,108,231,0,0,0,0,0,0,-30537,558,0,0,0,0,0,0,0,0,0,0,0,0,0
2020/11/10,47.5,47.5,46,46.5,0.3,0.6494,47,49.49,,,,133,217,0,0,0,0,0,0,-30537,0,0,0,0,0,0,0,0,0,0,0,0,0,0
2020/11/11,45.7,47,45.5,47,0.5,1.0753,46.6,48.54,,,,52,154,0,0,0,0,0,0,-30133,404,0,0,0,0,0,0,0,0,0,0,0,0,0
2020/11/12,46.5,47.3,45.7,47.3,0.3,0.6383,46.8,48.12,,,,206,144,0,0,0,0,0,0,-30522,-389,0,0,0,0,0,0,0,0,0,0,0,0,0
2020/11/13,47.3,47.3,45.7,46.8,-0.5,-1.0571,46.76,47.61,,,,136,127,0,0,0,0,0,0,-30296,226,0,0,0,0,0,0,0,0,0,0,0,0,0
2020/11/16,47.3,47.7,46.5,47.3,0.5,1.0684,46.98,47.34,,,,277,160,0,0,0,0,0,0,-30074,222,0,0,0,0,0,0,0,0,0,0,0,0,0
2020/11/17,47.3,48.7,46.5,47.5,0.2,0.4228,47.18,47.09,,,,284,191,0,0,0,0,0,0,-30004,70,0,0,0,0,0,0,0,0,0,0,0,0,0
2020/11/18,48.7,48.7,47,47.5,0,0,47.28,46.94,,,,109,202,0,0,0,0,0,0,-29727,277,0,0,0,0,0,0,0,0,0,0,0,0,0
2020/11/19,47.1,48.5,47,47.3,-0.2,-0.4211,47.28,47.04,,,,148,190,0,0,0,0,0,0,-29666,61,0,0,0,0,0,0,0,0,0,0,0,0,0
2020/11/20,48,48.5,47,48.2,0.9,1.9027,47.56,47.16,,,,133,190,0,0,0,0,0,0,-29625,41,0,0,0,0,0,0,0,0,0,0,0,0,0
2020/11/23,47.5,48.5,46.5,47.2,-1,-2.0747,47.54,47.26,48.91,,,127,160,0,0,0,0,0,0,-29240,385,0,0,0,0,0,0,0,0,0,0,0,0,0
2020/11/24,47,48.5,47,48.5,1.3,2.7542,47.74,47.46,48.475,,,71,117,0,0,0,0,0,0,-29479,-239,0,0,0,0,0,0,0,0,0,0,0,0,0
2020/11/25,47,48.5,47,47,-1.5,-3.0928,47.64,47.46,48,,,87,113,0,0,0,0,0,0,-29358,121,0,0,0,0,0,0,0,0,0,0,0,0,0
2020/11/26,47.8,48,46.85,46.85,-0.15,-0.3191,47.55,47.415,47.7675,,,78,99,0,0,0,0,0,0,-28851,507,0,0,0,0,0,0,0,0,0,0,0,0,0
2020/11/27,46.85,47.5,46.5,47.1,0.25,0.5336,47.33,47.445,47.5275,,,118,96,0,0,0,0,0,0,-28545,306,0,0,0,0,0,0,0,0,0,0,0,0,0
2020/11/30,46.7,48,46.5,46.5,-0.6,-1.2739,47.19,47.365,47.3525,,,25,75,0,0,0,0,0,0,-28495,50,0,0,0,0,0,0,0,0,0,0,0,0,0
2020/12/1,47.5,48,46.5,46.8,0.3,0.6452,46.85,47.295,47.1925,,,35,68,0,0,0,0,0,0,-28471,24,0,0,0,0,0,0,0,0,0,0,0,0,0
2020/12/2,47.2,47.5,46.7,46.8,0,0,46.81,47.225,47.0825,,,78,66,0,0,0,0,0,0,-28631,-160,0,0,0,0,0,0,0,0,0,0,0,0,0
2020/12/3,47.1,47.6,47,47.4,0.6,1.2821,46.92,47.235,47.1375,,,122,75,0,0,0,0,0,0,-28842,-211,0,0,0,0,0,0,0,0,0,0,0,0,0
2020/12/4,47.4,47.4,46.5,47.1,-0.3,-0.6329,46.92,47.125,47.1425,,,178,87,0,0,0,0,0,0,-28690,152,0,0,0,0,0,0,0,0,0,0,0,0,0
2020/12/7,47,47.1,46.3,46.5,-0.6,-1.2739,46.92,47.055,47.1575,,,111,104,0,0,0,0,0,0,-28863,-173,0,0,0,0,0,0,0,0,0,0,0,0,0
2020/12/8,46.55,46.55,46,46.35,-0.15,-0.3226,46.83,46.84,47.15,,,52,108,0,0,0,0,0,0,-28870,-7,0,0,0,0,0,0,0,0,0,0,0,0,0
2020/12/9,46.05,46.3,45.75,46,-0.35,-0.7551,46.67,46.74,47.1,,,138,120,0,0,0,0,0,0,-28803,67,0,0,0,0,0,0,0,0,0,0,0,0,0
2020/12/10,46,46,45.2,45.3,-0.7,-1.5217,46.25,46.585,47,,,133,122,0,0,0,0,0,0,-29121,-318,0,0,0,0,0,0,0,0,0,0,0,0,0
2020/12/11,45.2,45.6,45.05,45.05,-0.25,-0.5519,45.84,46.38,46.9125,,,38,94,0,0,0,0,0,0,-29540,-419,0,0,0,0,0,0,0,0,0,0,0,0,0
2020/12/14,45,45.55,45,45.45,0.4,0.8879,45.63,46.275,46.82,,,75,87,0,0,0,0,0,0,-29237,303,0,0,0,0,0,0,0,0,0,0,0,0,0
2020/12/15,45.45,45.8,45.15,45.15,-0.3,-0.6601,45.39,46.11,46.7025,,,69,90,0,0,0,0,0,0,-29858,-621,0,0,0,0,0,0,0,0,0,0,0,0,0
2020/12/16,45.2,45.4,45.05,45.2,0.05,0.1107,45.23,45.95,46.5875,,,48,72,0,0,0,0,0,0,-29052,806,0,0,0,0,0,0,0,0,0,0,0,0,0
2020/12/17,45.35,45.35,45.05,45.25,0.05,0.1106,45.22,45.735,46.485,,,34,52,0,0,0,0,0,0,-29162,-110,0,0,0,0,0,0,0,0,0,0,0,0,0
2020/12/18,45.25,45.3,45,45.3,0.05,0.1105,45.27,45.555,46.34,,,51,55,0,0,0,0,0,0,-29350,-188,0,0,0,0,0,0,0,0,0,0,0,0,0
2020/12/21,45.3,45.95,45.1,45.8,0.5,1.1038,45.34,45.485,46.27,,,748,190,0,0,0,0,0,0,-29255,95,0,0,0,0,0,0,0,0,0,0,0,0,0
2020/12/22,45.8,46.25,45.6,46,0.2,0.4367,45.51,45.45,46.145,,,180,212,0,0,0,0,0,0,-29860,-605,0,0,0,0,0,0,0,0,0,0,0,0,0
2020/12/23,46.2,46.5,45.8,45.8,-0.2,-0.4348,45.63,45.43,46.085,,,120,226,0,0,0,0,0,0,-29492,368,0,0,0,0,0,0,0,0,0,0,0,0,0
2020/12/24,46,46,45.55,46,0.2,0.4367,45.78,45.5,46.0425,,,38,227,0,0,0,0,0,0,-29128,364,0,0,0,0,0,0,0,0,0,0,0,0,0
2020/12/25,46.1,46.1,45.45,45.8,-0.2,-0.4348,45.88,45.575,45.9775,,,45,226,0,0,0,0,0,0,-29059,69,0,0,0,0,0,0,0,0,0,0,0,0,0
2020/12/28,45.5,45.95,45.4,45.85,0.05,0.1092,45.89,45.615,45.945,,,70,90,0,0,0,0,0,0,-28666,393,0,0,0,0,0,0,0,0,0,0,0,0,0
2020/12/29,45.9,46,45.05,45.95,0.1,0.2181,45.88,45.695,45.9025,,,82,71,0,0,0,0,0,0,-28694,-28,0,0,0,0,0,0,0,0,0,0,0,0,0
2020/12/30,45.95,46.75,45.45,46.5,0.55,1.197,46.02,45.825,45.8875,,,266,100,0,0,0,0,0,0,-28401,293,0,0,0,0,0,0,0,0,0,0,0,0,0
2020/12/31,46.8,47.15,45.85,46.25,-0.25,-0.5376,46.07,45.925,45.83,,,159,124,0,0,0,0,0,0,-28374,27,0,0,0,0,0,0,0,0,0,0,0,0,0
2021/1/4,46.25,46.45,45.9,46.4,0.15,0.3243,46.19,46.035,45.795,,,158,147,0,0,0,0,0,0,-28135,239,0,0,0,0,0,0,0,0,0,0,0,0,0
2021/1/5,46.05,46.4,45.85,46.05,-0.35,-0.7543,46.23,46.06,45.7725,,,80,149,0,0,0,0,0,0,-28277,-142,0,0,0,0,0,0,0,0,0,0,0,0,0
2021/1/6,45.8,46.45,45.8,46.15,0.1,0.2172,46.27,46.075,45.7625,,,181,168,0,0,0,0,0,0,-28948,-671,0,0,0,0,0,0,0,0,0,0,0,0,0
2021/1/7,46.25,46.35,45.95,46.3,0.15,0.325,46.23,46.125,45.7775,,,79,131,0,0,0,0,0,0,-28637,311,0,0,0,0,0,0,0,0,0,0,0,0,0
2021/1/8,46.35,46.4,46,46.25,-0.05,-0.108,46.23,46.15,45.825,,,73,114,0,0,0,0,0,0,-28720,-83,0,0,0,0,0,0,0,0,0,0,0,0,0
2021/1/11,46.25,46.3,45.9,46.3,0.05,0.1081,46.21,46.2,45.8875,,,45,91,0,0,0,0,0,0,-28599,121,0,0,0,0,0,0,0,0,0,0,0,0,0
2021/1/12,46.35,46.35,45.9,46.3,0,0,46.26,46.245,45.93,,,110,97,0,0,0,0,0,0,-29190,-591,0,0,0,0,0,0,0,0,0,0,0,0,0
2021/1/13,46.3,46.35,46,46.25,-0.05,-0.108,46.28,46.275,45.985,,,63,74,0,0,0,0,0,0,-28672,518,0,0,0,0,0,0,0,0,0,0,0,0,0
2021/1/14,46,46.35,45.95,46.35,0.1,0.2162,46.29,46.26,46.0425,,,75,73,0,0,0,0,0,0,-28710,-38,0,0,0,0,0,0,0,0,0,0,0,0,0
2021/1/15,46.1,46.35,46.1,46.3,-0.05,-0.1079,46.3,46.265,46.095,,,53,69,0,0,0,0,0,0,-29428,-718,0,0,0,0,0,0,0,0,0,0,0,0,0
2021/1/18,46.05,46.25,45.9,46.25,-0.05,-0.108,46.29,46.25,46.1425,,,78,75,0,0,0,0,0,0,-29695,-267,0,0,0,0,0,0,0,0,0,0,0,0,0
2021/1/19,46.25,46.4,46,46.25,0,0,46.28,46.27,46.165,47.115,,108,75,0,0,0,0,0,0,-29621,74,0,0,0,0,0,0,0,0,0,0,0,0,0
2021/1/20,46.3,46.45,46,46.3,0.05,0.1081,46.29,46.285,46.18,46.9333,,70,76,0,0,0,0,0,0,-30435,-814,0,0,0,0,0,0,0,0,0,0,0,0,0
2021/1/21,46.45,46.45,46.05,46.05,-0.25,-0.54,46.23,46.26,46.1925,46.7592,,61,74,0,0,0,0,0,0,-30384,51,0,0,0,0,0,0,0,0,0,0,0,0,0
2021/1/22,46.05,46.45,46.05,46.45,0.4,0.8686,46.26,46.28,46.215,46.675,,82,79,0,0,0,0,0,0,-30125,259,0,0,0,0,0,0,0,0,0,0,0,0,0
2021/1/25,46.5,46.85,46.2,46.85,0.4,0.8611,46.38,46.335,46.2675,46.5908,,130,90,0,0,0,0,0,0,-29805,320,0,0,0,0,0,0,0,0,0,0,0,0,0
2021/1/26,46.85,48.95,46.65,48.1,1.25,2.6681,46.75,46.515,46.38,46.5592,,323,133,0,0,0,0,0,0,-30349,-544,0,0,0,0,0,0,0,0,0,0,0,0,0
2021/1/27,48.45,48.45,47.8,48.1,0,0,47.11,46.7,46.4875,46.5275,,156,150,0,0,0,0,0,0,-30092,257,0,0,0,0,0,0,0,0,0,0,0,0,0
2021/1/28,47.95,48.2,47.5,48.2,0.1,0.2079,47.54,46.885,46.5725,46.5142,,65,151,0,0,0,0,0,0,-30640,-548,0,0,0,0,0,0,0,0,0,0,0,0,0
2021/1/29,48.2,49.5,48,48.25,0.05,0.1037,47.9,47.08,46.6725,46.5467,,248,184,0,0,0,0,0,0,-31296,-656,0,0,0,0,0,0,0,0,0,0,0,0,0
2021/2/1,48.45,48.55,48,48.5,0.25,0.5181,48.23,47.305,46.7775,46.5717,,66,171,0,0,0,0,0,0,-31423,-127,0,0,0,0,0,0,0,0,0,0,0,0,0
2021/2/2,48.5,48.8,48.2,48.55,0.05,0.1031,48.32,47.535,46.9025,46.6108,,299,166,0,0,0,0,0,0,-30893,530,0,0,0,0,0,0,0,0,0,0,0,0,0
2021/2/3,48.55,48.75,48.3,48.7,0.15,0.309,48.44,47.775,47.03,46.6475,,167,169,0,0,0,0,0,0,-30814,79,0,0,0,0,0,0,0,0,0,0,0,0,0
2021/2/4,48.75,51.3,48.55,50.7,2,4.1068,48.94,48.24,47.25,46.7092,,300,216,0,0,0,0,0,0,-30992,-178,0,0,0,0,0,0,0,0,0,0,0,0,0
2021/2/5,50.8,51.6,50.4,51.5,0.8,1.5779,49.59,48.745,47.5125,46.7792,,265,219,0,0,0,0,0,0,-30817,175,0,0,0,0,0,0,0,0,0,0,0,0,0
2021/2/17,51.6,53.5,51.5,53.4,1.9,3.6893,50.57,49.4,47.8675,46.8892,,518,309,0,0,0,0,0,0,-30077,740,0,0,0,0,0,0,0,0,0,0,0,0,0
2021/2/18,53.4,54.2,52.8,53.7,0.3,0.5618,51.6,49.96,48.2375,46.9958,,321,314,0,0,0,0,0,0,-29415,662,0,0,0,0,0,0,0,0,0,0,0,0,0
2021/2/19,53.7,55.5,53.5,55.5,1.8,3.352,52.96,50.7,48.7,47.1292,,297,340,0,0,0,0,0,0,-29122,293,0,0,0,0,0,0,0,0,0,0,0,0,0
2021/2/22,55.5,57.9,55.5,56.8,1.3,2.3423,54.18,51.56,49.2225,47.2842,,468,373,0,0,0,0,0,0,-28511,611,0,0,0,0,0,0,0,0,0,0,0,0,0
2021/2/23,56.9,57.7,54.8,55.5,-1.3,-2.2887,54.98,52.285,49.6825,47.4208,,492,419,0,0,0,0,0,0,-28166,345,0,0,0,0,0,0,0,0,0,0,0,0,0
2021/2/24,55,55,52.1,54,-1.5,-2.7027,55.1,52.835,50.07,47.5175,,496,414,0,0,0,0,0,0,-28536,-370,0,0,0,0,0,0,0,0,0,0,0,0,0
2021/2/25,54.2,54.7,53.3,54.6,0.6,1.1111,55.28,53.44,50.4875,47.6408,,129,376,0,0,0,0,0,0,-28146,390,0,0,0,0,0,0,0,0,0,0,0,0,0
2021/2/26,54.7,57.5,54.6,56.5,1.9,3.4799,55.48,54.22,50.9975,47.7742,,845,486,0,0,0,0,0,0,-28573,-427,0,0,0,0,0,0,0,0,0,0,0,0,0
2021/3/2,57,58.5,56.5,57.6,1.1,1.9469,55.64,54.91,51.575,47.9508,,737,539,0,0,0,0,0,0,-28972,-399,0,0,0,0,0,0,0,0,0,0,0,0,0
2021/3/3,57.3,57.6,56,57.1,-0.5,-0.8681,55.96,55.47,52.1075,48.1217,,286,498,0,0,0,0,0,0,-28422,550,0,0,0,0,0,0,0,0,0,0,0,0,0
2021/3/4,57.2,57.2,56,56.4,-0.7,-1.2259,56.44,55.77,52.585,48.2767,,112,421,0,0,0,0,0,0,-28656,-234,0,0,0,0,0,0,0,0,0,0,0,0,0
2021/3/5,56.8,56.9,55.8,56.5,0.1,0.1773,56.82,56.05,53.005,48.4433,,175,431,0,0,0,0,0,0,-28976,-320,0,0,0,0,0,0,0,0,0,0,0,0,0
2021/3/8,57,57.4,55.8,56,-0.5,-0.885,56.72,56.1,53.4,48.5967,,299,321,0,0,0,0,0,0,-28997,-21,0,0,0,0,0,0,0,0,0,0,0,0,0
2021/3/9,55.9,56.3,55.8,56,0,0,56.4,56.02,53.79,48.75,,154,205,0,0,0,0,0,0,-28808,189,0,0,0,0,0,0,0,0,0,0,0,0,0
2021/3/10,56,56.6,55.8,56.2,0.2,0.3571,56.22,56.09,54.1875,48.8967,,217,191,0,0,0,0,0,0,-28684,124,0,0,0,0,0,0,0,0,0,0,0,0,0
2021/3/11,56.2,56.5,55.6,56.2,0,0,56.18,56.31,54.5725,49.0483,,219,212,0,0,0,0,0,0,-28242,442,0,0,0,0,0,0,0,0,0,0,0,0,0
2021/3/12,56.2,56.5,55.8,56.2,0,0,56.12,56.47,54.955,49.21,,119,201,0,0,0,0,0,0,-28207,35,0,0,0,0,0,0,0,0,0,0,0,0,0
2021/3/15,56,57.3,55.8,56.9,0.7,1.2456,56.3,56.51,55.365,49.3858,,257,193,0,0,0,0,0,0,-27906,301,0,0,0,0,0,0,0,0,0,0,0,0,0
2021/3/16,56.5,57,55.6,56.5,-0.4,-0.703,56.4,56.4,55.655,49.5608,,132,188,0,0,0,0,0,0,-27806,100,0,0,0,0,0,0,0,0,0,0,0,0,0
2021/3/17,57.8,57.8,56.5,57.6,1.1,1.9469,56.68,56.45,55.96,49.7658,,238,193,0,0,0,0,0,0,-27887,-81,0,0,0,0,0,0,0,0,0,0,0,0,0
2021/3/18,57.6,57.6,56.6,56.8,-0.8,-1.3889,56.8,56.49,56.13,49.9617,,178,184,0,0,0,0,0,0,-27538,349,0,0,0,0,0,0,0,0,0,0,0,0,0
2021/3/19,58.1,58.1,56.6,57.2,0.4,0.7042,57,56.56,56.305,50.1575,,123,185,0,0,0,0,0,0,-27778,-240,0,0,0,0,0,0,0,0,0,0,0,0,0
2021/3/22,57.2,57.5,56.7,57.1,-0.1,-0.1748,57.04,56.67,56.385,50.3567,,114,157,0,0,0,0,0,0,-27522,256,0,0,0,0,0,0,0,0,0,0,0,0,0
2021/3/23,56.8,57.4,56.7,57.1,0,0,57.16,56.78,56.4,50.555,,106,151,0,0,0,0,0,0,-27856,-334,0,0,0,0,0,0,0,0,0,0,0,0,0
2021/3/24,58.3,58.3,56.6,57.2,0.1,0.1751,57.08,56.88,56.485,50.7542,,85,121,0,0,0,0,0,0,-27780,76,0,0,0,0,0,0,0,0,0,0,0,0,0
2021/3/25,57.5,57.9,56.6,57.5,0.3,0.5245,57.22,57.01,56.66,50.9575,,152,116,0,0,0,0,0,0,-27873,-93,0,0,0,0,0,0,0,0,0,0,0,0,0
2021/3/26,57.6,59.8,56.9,59.6,2.1,3.6522,57.7,57.35,56.91,51.1875,,408,173,0,0,0,0,0,0,-27462,411,0,0,0,0,0,0,0,0,0,0,0,0,0
2021/3/29,59.8,61.4,59.1,60,0.4,0.6711,58.28,57.66,57.085,51.4208,,424,235,0,0,0,0,0,0,-27196,266,0,0,0,0,0,0,0,0,0,0,0,0,0
2021/3/30,60.9,62.2,59.8,62,2,3.3333,59.26,58.21,57.305,51.6908,,490,311,0,0,0,0,0,0,-26929,267,0,0,0,0,0,0,0,0,0,0,0,0,0
2021/3/31,62.6,62.9,60.9,62.1,0.1,0.1613,60.24,58.66,57.555,51.9592,,385,371,0,0,0,0,0,0,-26934,-5,0,0,0,0,0,0,0,0,0,0,0,0,0
2021/4/1,62.2,62.4,60.9,61.9,-0.2,-0.3221,61.12,59.17,57.83,52.2275,,324,406,0,0,0,0,0,0,-26920,14,0,0,0,0,0,0,0,0,0,0,0,0,0
2021/4/6,62.5,62.5,61.5,62.5,0.6,0.9693,61.7,59.7,58.13,52.505,,326,389,0,0,0,0,0,0,-26594,326,0,0,0,0,0,0,0,0,0,0,0,0,0
2021/4/7,62.9,66.8,62.1,66.8,4.3,6.88,63.06,60.67,58.67,52.8525,,556,416,0,0,0,0,0,0,-26288,306,0,0,0,0,0,0,0,0,0,0,0,0,0
2021/4/8,66.8,71.9,66.7,71.1,4.3,6.4371,64.88,62.07,59.425,53.2625,,892,496,0,0,0,0,0,0,-25920,368,0,0,0,0,0,0,0,0,0,0,0,0,0
2021/4/9,71.1,73,68.4,68.6,-2.5,-3.5162,66.18,63.21,60.045,53.635,,563,532,0,0,0,0,0,0,-26086,-166,0,0,0,0,0,0,0,0,0,0,0,0,0
2021/4/12,69.6,71.1,69,70.9,2.3,3.3528,67.98,64.55,60.78,54.0433,,334,534,0,0,0,0,0,0,-25877,209,0,0,0,0,0,0,0,0,0,0,0,0,0
2021/4/13,70.5,72.4,70,72.4,1.5,2.1157,69.96,65.83,61.59,54.4825,,450,559,0,0,0,0,0,0,-26180,-303,0,0,0,0,0,0,0,0,0,0,0,0,0
2021/4/14,72.6,72.6,69.5,72.5,0.1,0.1381,71.1,67.08,62.37,54.9217,,697,587,0,0,0,0,0,0,-26563,-383,0,0,0,0,0,0,0,0,0,0,0,0,0
2021/4/15,72.6,75,72.5,74,1.5,2.069,71.68,68.28,63.245,55.3833,,480,504,0,0,0,0,0,0,-25988,575,0,0,0,0,0,0,0,0,0,0,0,0,0
2021/4/16,74.9,75.3,73,75,1,1.3514,72.96,69.57,64.115,55.8625,,326,457,0,0,0,0,0,0,-25465,523,0,0,0,0,0,0,0,0,0,0,0,0,0
2021/4/19,75.3,76.1,73.8,75.9,0.9,1.2,73.96,70.97,65.07,56.3558,,267,444,0,0,0,0,0,0,-25019,446,0,0,0,0,0,0,0,0,0,0,0,0,0
2021/4/20,76.2,76.5,75.2,75.3,-0.6,-0.7905,74.54,72.25,65.975,56.8392,,179,389,0,0,0,0,0,0,-24831,188,0,0,0,0,0,0,0,0,0,0,0,0,0
2021/4/21,76,76,72.7,73.5,-1.8,-2.3904,74.74,72.92,66.795,57.2933,,365,323,0,0,0,0,0,0,-24840,-9,0,0,0,0,0,0,0,0,0,0,0,0,0
2021/4/22,74.2,74.2,68.6,70.1,-3.4,-4.6259,73.96,72.82,67.445,57.6892,,595,346,0,0,0,0,0,0,-25344,-504,0,0,0,0,0,0,0,0,0,0,0,0,0
2021/4/23,70.7,70.8,68.7,70.8,0.7,0.9986,73.12,73.04,68.125,58.0975,,260,333,0,0,0,0,0,0,-25116,228,0,0,0,0,0,0,0,0,0,0,0,0,0
2021/4/26,71.3,71.5,69.7,71.5,0.7,0.9887,72.24,73.1,68.825,58.5183,,157,311,0,0,0,0,0,0,-24715,401,0,0,0,0,0,0,0,0,0,0,0,0,0
2021/4/27,71.1,72.4,70.2,70.6,-0.9,-1.2587,71.3,72.92,69.375,58.9242,53.0196,137,302,0,0,0,0,0,0,-24608,107,0,0,0,0,0,0,0,0,0,0,0,0,0
2021/4/28,71.2,71.2,69.8,70,-0.6,-0.8499,70.6,72.67,69.875,59.3192,53.1263,244,278,0,0,0,0,0,0,-24468,140,0,0,0,0,0,0,0,0,0,0,0,0,0
2021/4/29,71.7,71.7,68.7,69.1,-0.9,-1.2857,70.4,72.18,70.23,59.7033,53.2313,298,219,0,0,0,0,0,0,-24715,-247,0,0,0,0,0,0,0,0,0,0,0,0,0
2021/5/3,70.5,74.8,70,71,1.9,2.7496,70.44,71.78,70.675,60.1125,53.3938,403,247,0,0,0,0,0,0,-25381,-666,0,0,0,0,0,0,0,0,0,0,0,0,0
2021/5/4,71.8,71.9,67.7,69.9,-1.1,-1.5493,70.12,71.18,71.075,60.4967,53.5438,259,268,0,0,0,0,0,0,-26205,-824,0,0,0,0,0,0,0,0,0,0,0,0,0
2021/5/5,70.3,70.9,69.6,70,0.1,0.1431,70,70.65,71.45,60.8617,53.7104,99,260,0,0,0,0,0,0,-26069,136,0,0,0,0,0,0,0,0,0,0,0,0,0
2021/5/6,70.4,70.4,68.1,69.3,-0.7,-1,69.86,70.23,71.575,61.215,53.8713,89,229,0,0,0,0,0,0,-26122,-53,0,0,0,0,0,0,0,0,0,0,0,0,0
2021/5/7,69.5,69.9,67.7,69.6,0.3,0.4329,69.96,70.18,71.5,61.5717,54.0429,78,185,0,0,0,0,0,0,-25468,654,0,0,0,0,0,0,0,0,0,0,0,0,0
2021/5/10,69.6,69.9,68.4,69.9,0.3,0.431,69.74,70.09,71.565,61.9325,54.2396,158,136,0,0,0,0,0,0,-25339,129,0,0,0,0,0,0,0,0,0,0,0,0,0
2021/5/11,70.2,70.3,68.2,68.5,-1.4,-2.0029,69.46,69.79,71.445,62.2658,54.4188,241,133,0,0,0,0,0,0,-26193,-854,0,0,0,0,0,0,0,0,0,0,0,0,0
2021/5/12,69.2,69.2,62.7,64.1,-4.4,-6.4234,68.28,69.14,71.03,62.525,54.5679,358,184,0,0,0,0,0,0,-27172,-979,0,0,0,0,0,0,0,0,0,0,0,0,0
2021/5/13,64,67,62,66,1.9,2.9641,67.62,68.74,70.705,62.8133,54.7304,257,218,0,0,0,0,0,0,-27510,-338,0,0,0,0,0,0,0,0,0,0,0,0,0
2021/5/14,67.1,67.9,65,65.8,-0.2,-0.303,66.86,68.41,70.295,63.065,54.8871,197,242,0,0,0,0,0,0,-27519,-9,0,0,0,0,0,0,0,0,0,0,0,0,0
2021/5/17,64,66.4,63.4,63.4,-2.4,-3.6474,65.56,67.65,69.715,63.2633,55.0213,170,244,0,0,0,0,0,0,-28459,-940,0,0,0,0,0,0,0,0,0,0,0,0,0
2021/5/18,63.5,66.6,63.5,66,2.6,4.1009,65.06,67.26,69.22,63.4733,55.1813,117,219,0,0,0,0,0,0,-27358,1101,0,0,0,0,0,0,0,0,0,0,0,0,0
2021/5/19,66.4,66.7,64.9,66.2,0.2,0.303,65.48,66.88,68.765,63.6817,55.3388,99,168,0,0,0,0,0,0,-27229,129,0,0,0,0,0,0,0,0,0,0,0,0,0
2021/5/20,66.4,66.4,65.2,65.8,-0.4,-0.6042,65.44,66.53,68.38,63.8533,55.4913,77,132,0,0,0,0,0,0,-27655,-426,0,0,0,0,0,0,0,0,0,0,0,0,0
2021/5/21,66.1,66.9,65.4,66,0.2,0.304,65.48,66.17,68.175,64.0067,55.6454,99,112,0,0,0,0,0,0,-26845,810,0,0,0,0,0,0,0,0,0,0,0,0,0
2021/5/24,66.9,68.9,65.5,68.4,2.4,3.6364,66.48,66.02,68.055,64.2217,55.8213,219,122,0,0,0,0,0,0,-26431,414,0,0,0,0,0,0,0,0,0,0,0,0,0
2021/5/25,69,70.2,68.8,69.9,1.5,2.193,67.26,66.16,67.975,64.4867,56.0021,214,141,0,0,0,0,0,0,-26045,386,0,0,0,0,0,0,0,0,0,0,0,0,0
2021/5/26,70.4,70.4,68.6,68.9,-1,-1.4306,67.8,66.64,67.89,64.725,56.1829,83,138,0,0,0,0,0,0,-25766,279,0,0,0,0,0,0,0,0,0,0,0,0,0
2021/5/27,69.4,70.1,68.7,69.9,1,1.4514,68.62,67.03,67.885,64.9483,56.3613,104,143,0,0,0,0,0,0,-25866,-100,0,0,0,0,0,0,0,0,0,0,0,0,0
2021/5/28,70,70.3,69.4,70,0.1,0.1431,69.42,67.45,67.93,65.155,56.5529,138,151,0,0,0,0,0,0,-25195,671,0,0,0,0,0,0,0,0,0,0,0,0,0
2021/5/31,70.9,70.9,67.8,69.3,-0.7,-1,69.6,68.04,67.845,65.3583,56.74,167,141,0,0,0,0,0,0,-25004,191,0,0,0,0,0,0,0,0,0,0,0,0,0
2021/6/1,70,70,68.1,68.8,-0.5,-0.7215,69.38,68.32,67.79,65.565,56.9208,77,113,0,0,0,0,0,0,-24443,561,0,0,0,0,0,0,0,0,0,0,0,0,0
2021/6/2,69,73.3,69,72.7,3.9,5.6686,70.14,68.97,67.925,65.835,57.1392,553,207,0,0,0,0,0,0,-24504,-61,0,0,0,0,0,0,0,0,0,0,0,0,0
2021/6/3,73,78.7,72.5,78.7,6,8.2531,71.9,70.26,68.395,66.2133,57.405,1180,423,0,0,0,0,0,0,-24169,335,0,0,0,0,0,0,0,0,0,0,0,0,0
2021/6/4,78.7,78.8,75,75.5,-3.2,-4.0661,73,71.21,68.69,66.5383,57.6442,680,531,0,0,0,0,0,0,-24653,-484,0,0,0,0,0,0,0,0,0,0,0,0,0
2021/6/7,75.5,77.2,73.3,76.9,1.4,1.8543,74.52,72.06,69.04,66.8833,57.89,508,599,0,0,0,0,0,0,-24964,-311,0,0,0,0,0,0,0,0,0,0,0,0,0
2021/6/8,77.7,77.7,75.8,77.2,0.3,0.3901,76.2,72.79,69.475,67.2333,58.1408,430,670,0,0,0,0,0,0,-24834,130,0,0,0,0,0,0,0,0,0,0,0,0,0
2021/6/9,77.3,77.3,75.2,75.5,-1.7,-2.2021,76.76,73.45,70.045,67.555,58.3825,210,601,0,0,0,0,0,0,-25184,-350,0,0,0,0,0,0,0,0,0,0,0,0,0
2021/6/10,76.4,76.4,73,74,-1.5,-1.9868,75.82,73.86,70.445,67.84,58.6129,287,423,0,0,0,0,0,0,-24871,313,0,0,0,0,0,0,0,0,0,0,0,0,0
2021/6/11,75,75,73,74,0,0,75.52,74.26,70.855,68.1317,58.8463,137,314,0,0,0,0,0,0,-24856,15,0,0,0,0,0,0,0,0,0,0,0,0,0
2021/6/15,74,76.2,73.5,76.2,2.2,2.973,75.38,74.95,71.495,68.4417,59.1038,186,250,0,0,0,0,0,0,-24605,251,0,0,0,0,0,0,0,0,0,0,0,0,0
2021/6/16,76.3,78,75,76.6,0.4,0.5249,75.26,75.73,72.025,68.7717,59.3667,651,294,0,0,0,0,0,0,-24907,-302,0,0,0,0,0,0,0,0,0,0,0,0,0
2021/6/17,77.1,78.2,76.4,77.2,0.6,0.7833,75.6,76.18,72.575,69.105,59.6313,251,302,0,0,0,0,0,0,-24457,450,0,0,0,0,0,0,0,0,0,0,0,0,0
2021/6/18,77.2,77.4,76.2,76.7,-0.5,-0.6477,76.14,75.98,73.12,69.4317,59.8942,159,276,0,0,0,0,0,0,-24662,-205,0,0,0,0,0,0,0,0,0,0,0,0,0
2021/6/21,76.7,78.3,75.9,77.8,1.1,1.4342,76.9,76.21,73.71,69.7767,60.1658,275,304,0,0,0,0,0,0,-25183,-521,0,0,0,0,0,0,0,0,0,0,0,0,0
2021/6/22,77.8,77.8,76.5,76.7,-1.1,-1.4139,77,76.19,74.125,70.1017,60.4279,143,295,0,0,0,0,0,0,-25020,163,0,0,0,0,0,0,0,0,0,0,0,0,0
2021/6/23,77.2,77.2,76,76.6,-0.1,-0.1304,77,76.13,74.46,70.42,60.6888,90,183,0,0,0,0,0,0,-24570,450,0,0,0,0,0,0,0,0,0,0,0,0,0
2021/6/24,76.5,77.3,76.4,76.9,0.3,0.3916,76.94,76.27,74.86,70.7083,60.9479,173,168,0,0,0,0,0,0,-24094,476,0,0,0,0,0,0,0,0,0,0,0,0,0
2021/6/25,77.3,77.3,76.5,76.7,-0.2,-0.2601,76.94,76.54,75.2,70.9867,61.2038,173,170,0,0,0,0,0,0,-24049,45,0,0,0,0,0,0,0,0,0,0,0,0,0
2021/6/28,77,77,75.6,76.1,-0.6,-0.7823,76.6,76.75,75.505,71.2217,61.4563,145,144,0,0,0,0,0,0,-23848,201,0,0,0,0,0,0,0,0,0,0,0,0,0
2021/6/29,76.7,76.7,75,75,-1.1,-1.4455,76.26,76.63,75.79,71.4367,61.6979,158,147,0,0,0,0,0,0,-24289,-441,0,0,0,0,0,0,0,0,0,0,0,0,0
2021/6/30,75.7,76.2,74.8,75.9,0.9,1.2,76.12,76.56,76.145,71.67,61.9488,146,159,0,0,0,0,0,0,-23880,409,0,0,0,0,0,0,0,0,0,0,0,0,0
2021/7/1,76.2,76.2,74.4,75.4,-0.5,-0.6588,75.82,76.38,76.28,71.885,62.195,117,147,0,0,0,0,0,0,-24203,-323,0,0,0,0,0,0,0,0,0,0,0,0,0
2021/7/2,75.4,75.4,74.1,74.4,-1,-1.3263,75.36,76.15,76.065,72.0117,62.4321,111,135,0,0,0,0,0,0,-24030,173,0,0,0,0,0,0,0,0,0,0,0,0,0
2021/7/5,74.8,75,73.7,74.1,-0.3,-0.4032,74.96,75.78,75.995,72.0617,62.6621,131,132,0,0,0,0,0,0,-23451,579,0,0,0,0,0,0,0,0,0,0,0,0,0
2021/7/6,74.5,74.5,72.6,72.6,-1.5,-2.0243,74.48,75.37,75.78,72.1283,62.8817,156,132,0,0,0,0,0,0,-23609,-158,0,0,0,0,0,0,0,0,0,0,0,0,0
2021/7/7,72.6,73.1,71.2,71.9,-0.7,-0.9642,73.68,74.9,75.515,72.145,63.0942,264,155,0,0,0,0,0,0,-23745,-136,0,0,0,0,0,0,0,0,0,0,0,0,0
2021/7/8,72.5,73.6,72,73.6,1.7,2.3644,73.32,74.57,75.42,72.165,63.3238,55,143,0,0,0,0,0,0,-23467,278,0,0,0,0,0,0,0,0,0,0,0,0,0
2021/7/9,73.8,73.8,72.1,72.5,-1.1,-1.4946,72.94,74.15,75.345,72.165,63.5433,123,145,0,0,0,0,0,0,-23797,-330,0,0,0,0,0,0,0,0,0,0,0,0,0
2021/7/12,72.7,72.7,71.7,72.1,-0.4,-0.5517,72.54,73.75,75.25,72.1333,63.7583,80,135,0,0,0,0,0,0,-23663,134,0,0,0,0,0,0,0,0,0,0,0,0,0
2021/7/13,72.5,72.5,70.2,70.8,-1.3,-1.8031,72.18,73.33,74.98,72.0633,63.9629,252,154,0,0,0,0,0,0,-23994,-331,0,0,0,0,0,0,0,0,0,0,0,0,0
2021/7/14,71.4,71.5,69.8,69.8,-1,-1.4124,71.76,72.72,74.64,71.9617,64.1588,101,122,0,0,0,0,0,0,-24185,-191,0,0,0,0,0,0,0,0,0,0,0,0,0
2021/7/15,69.7,70.6,69.6,70,0.2,0.2865,71.04,72.18,74.28,71.8733,64.3563,134,138,0,0,0,0,0,0,-23650,535,0,0,0,0,0,0,0,0,0,0,0,0,0
2021/7/16,69.8,71.1,69.8,71.1,1.1,1.5714,70.76,71.85,74,71.8333,64.5633,110,135,0,0,0,0,0,0,-23534,116,0,0,0,0,0,0,0,0,0,0,0,0,0
2021/7/19,71.2,72.4,71.2,71.6,0.5,0.7032,70.66,71.6,73.69,71.8583,64.7738,159,151,0,0,0,0,0,0,-23457,77,0,0,0,0,0,0,0,0,0,0,0,0,0
2021/7/20,72.4,72.4,71,71.4,-0.2,-0.2793,70.78,71.48,73.425,71.8683,64.9829,43,109,0,0,0,0,0,0,-24131,-674,0,0,0,0,0,0,0,0,0,0,0,0,0
2021/7/21,71.4,71.4,70.1,70.7,-0.7,-0.9804,70.96,71.36,73.13,71.855,65.1867,72,103,0,0,0,0,0,0,-24455,-324,0,0,0,0,0,0,0,0,0,0,0,0,0
2021/7/22,70.7,70.7,69.7,69.8,-0.9,-1.273,70.92,70.98,72.775,71.8417,65.3829,113,99,0,0,0,0,0,0,-24108,347,0,0,0,0,0,0,0,0,0,0,0,0,0
2021/7/23,70.3,70.9,69.9,70.4,0.6,0.8596,70.78,70.77,72.46,71.8483,65.5838,66,90,0,0,0,0,0,0,-23680,428,0,0,0,0,0,0,0,0,0,0,0,0,0
2021/7/26,70.2,71.3,70.1,71.2,0.8,1.1364,70.7,70.68,72.215,71.8833,65.7933,99,78,0,0,0,0,0,0,-23578,102,0,0,0,0,0,0,0,0,0,0,0,0,0
2021/7/27,71.5,72.6,71.2,71.8,0.6,0.8427,70.78,70.78,72.055,71.8967,66.0046,256,121,0,0,0,0,0,0,-24103,-525,0,0,0,0,0,0,0,0,0,0,0,0,0
2021/7/28,71.7,71.7,70.3,71,-0.8,-1.1142,70.84,70.9,71.81,71.915,66.2058,180,142,0,0,0,0,0,0,-24702,-599,0,0,0,0,0,0,0,0,0,0,0,0,0
2021/7/29,71.4,71.4,70.5,71.4,0.4,0.5634,71.16,71.04,71.61,71.9383,66.4,87,137,0,0,0,0,0,0,-24112,590,0,0,0,0,0,0,0,0,0,0,0,0,0
2021/7/30,71.8,71.9,70.6,71,-0.4,-0.5602,71.28,71.03,71.44,71.9667,66.5908,84,141,0,0,0,0,0,0,-24470,-358,0,0,0,0,0,0,0,0,0,0,0,0,0
2021/8/2,71,71.9,70.5,71.3,0.3,0.4225,71.3,71,71.3,71.995,66.7833,119,145,0,0,0,0,0,0,-24053,417,0,0,0,0,0,0,0,0,0,0,0,0,0
2021/8/3,70.6,71,69.8,70,-1.3,-1.8233,70.94,70.86,71.17,71.9967,66.9646,167,127,0,0,0,0,0,0,-24029,24,0,0,0,0,0,0,0,0,0,0,0,0,0
2021/8/4,70.8,72,70.2,71.2,1.2,1.7143,70.98,70.91,71.135,72.0417,67.1538,126,116,0,0,0,0,0,0,-23979,50,0,0,0,0,0,0,0,0,0,0,0,0,0
2021/8/5,71.8,72.1,70.8,71.7,0.5,0.7022,71.04,71.1,71.04,72.1683,67.3467,185,136,0,0,0,0,0,0,-24217,-238,0,0,0,0,0,0,0,0,0,0,0,0,0
2021/8/6,72.3,72.3,71.2,72,0.3,0.4184,71.24,71.26,71.015,72.2683,67.5408,118,143,0,0,0,0,0,0,-24385,-168,0,0,0,0,0,0,0,0,0,0,0,0,0
2021/8/9,72.1,74.9,72,73,1,1.3889,71.58,71.44,71.06,72.3883,67.7267,423,203,0,0,0,0,0,0,-24830,-445,0,0,0,0,0,0,0,0,0,0,0,0,0
2021/8/10,73.4,73.5,72,73.5,0.5,0.6849,72.28,71.61,71.195,72.5567,67.91,237,217,0,0,0,0,0,0,-25350,-520,0,0,0,0,0,0,0,0,0,0,0,0,0
2021/8/11,72.5,72.5,68.7,69.3,-4.2,-5.7143,71.9,71.44,71.17,72.6117,68.0425,310,254,0,0,0,0,0,0,-25891,-541,0,0,0,0,0,0,0,0,0,0,0,0,0
2021/8/12,69.9,69.9,68.7,69.2,-0.1,-0.1443,71.4,71.22,71.13,72.6617,68.1717,142,246,0,0,0,0,0,0,-25562,329,0,0,0,0,0,0,0,0,0,0,0,0,0
2021/8/13,69.1,69.3,68.4,68.8,-0.4,-0.578,70.76,71,71.015,72.7117,68.2825,131,248,0,0,0,0,0,0,-26194,-632,0,0,0,0,0,0,0,0,0,0,0,0,0
2021/8/16,69,69,66.6,67.2,-1.6,-2.3256,69.6,70.59,70.795,72.7317,68.3692,100,184,0,0,0,0,0,0,-26850,-656,0,0,0,0,0,0,0,0,0,0,0,0,0
2021/8/17,67.5,67.9,62.8,62.9,-4.3,-6.3988,67.48,69.88,70.37,72.64,68.4308,179,172,0,0,0,0,0,0,-27375,-525,0,0,0,0,0,0,0,0,0,0,0,0,0
2021/8/18,63,66.5,62.1,66.3,3.4,5.4054,66.88,69.39,70.15,72.58,68.5333,138,138,0,0,0,0,0,0,-26773,602,0,0,0,0,0,0,0,0,0,0,0,0,0
2021/8/19,66.1,66.5,63.6,64.3,-2,-3.0166,65.9,68.65,69.875,72.5033,68.6142,135,136,0,0,0,0,0,0,-27568,-795,0,0,0,0,0,0,0,0,0,0,0,0,0
2021/8/20,64.4,65.2,64,64.6,0.3,0.4666,65.06,67.91,69.585,72.415,68.6817,66,123,0,0,0,0,0,0,-27603,-35,0,0,0,0,0,0,0,0,0,0,0,0,0
2021/8/23,65.1,65.5,64.2,64.8,0.2,0.3096,64.58,67.09,69.265,72.3283,68.7417,100,123,0,0,0,0,0,0,-26749,854,0,0,0,0,0,0,0,0,0,0,0,0,0
2021/8/24,64.8,65,64,64.7,-0.1,-0.1543,64.94,66.21,68.91,72.2517,68.805,127,113,0,0,0,0,0,0,-26761,-12,0,0,0,0,0,0,0,0,0,0,0,0,0
2021/8/25,65.2,65.8,64.7,65.5,0.8,1.2365,64.78,65.83,68.635,72.1967,68.8808,72,100,0,0,0,0,0,0,-26196,565,0,0,0,0,0,0,0,0,0,0,0,0,0
2021/8/26,66,66.8,65.2,66,0.5,0.7634,65.12,65.51,68.365,72.085,68.96,96,92,0,0,0,0,0,0,-26328,-132,0,0,0,0,0,0,0,0,0,0,0,0,0
2021/8/27,67,69.7,66.6,69.6,3.6,5.4545,66.12,65.59,68.295,71.9333,69.0733,386,156,0,0,0,0,0,0,-26031,297,0,0,0,0,0,0,0,0,0,0,0,0,0
2021/8/30,69.6,71,69,69.3,-0.3,-0.431,67.02,65.8,68.195,71.83,69.1842,222,180,0,0,0,0,0,0,-25685,346,0,0,0,0,0,0,0,0,0,0,0,0,0
2021/8/31,68.7,69.3,67.7,68.5,-0.8,-1.1544,67.78,66.36,68.12,71.69,69.2867,127,180,0,0,0,0,0,0,-25551,134,0,0,0,0,0,0,0,0,0,0,0,0,0
2021/9/1,68.5,68.5,67.3,67.8,-0.7,-1.0219,68.24,66.51,67.95,71.5333,69.3833,101,186,0,0,0,0,0,0,-25252,299,0,0,0,0,0,0,0,0,0,0,0,0,0
2021/9/2,67.9,68,66.8,67.2,-0.6,-0.885,68.48,66.8,67.725,71.395,69.475,127,192,0,0,0,0,0,0,-25793,-541,0,0,0,0,0,0,0,0,0,0,0,0,0
2021/9/3,67.3,69.5,67.3,67.9,0.7,1.0417,68.14,67.13,67.52,71.2933,69.5667,151,145,0,0,0,0,0,0,-25400,393,0,0,0,0,0,0,0,0,0,0,0,0,0
2021/9/6,68.2,68.3,65.2,66,-1.9,-2.7982,67.48,67.25,67.17,71.16,69.6458,291,159,0,0,0,0,0,0,-25996,-596,0,0,0,0,0,0,0,0,0,0,0,0,0
2021/9/7,67,67,65,65.6,-0.4,-0.6061,66.9,67.34,66.775,70.9833,69.7125,117,157,0,0,0,0,0,0,-26184,-188,0,0,0,0,0,0,0,0,0,0,0,0,0
2021/9/8,65.4,65.9,64.6,64.6,-1,-1.5244,66.26,67.25,66.54,70.7833,69.7775,139,165,0,0,0,0,0,0,-26845,-661,0,0,0,0,0,0,0,0,0,0,0,0,0
2021/9/9,64.9,65.3,64.2,64.9,0.3,0.4644,65.8,67.14,66.325,70.5783,69.8417,131,165,0,0,0,0,0,0,-26496,349,0,0,0,0,0,0,0,0,0,0,0,0,0
2021/9/10,64.8,64.9,63.4,63.8,-1.1,-1.6949,64.98,66.56,66.075,70.3633,69.8975,210,177,0,0,0,0,0,0,-26029,467,0,0,0,0,0,0,0,0,0,0,0,0,0
2021/9/13,64.3,64.3,60.7,61.7,-2.1,-3.2915,64.12,65.8,65.8,70.095,69.9358,556,230,0,0,0,0,0,0,-25865,164,0,0,0,0,0,0,0,0,0,0,0,0,0
2021/9/14,62,62.3,61.5,61.8,0.1,0.1621,63.36,65.13,65.745,69.8467,69.9742,224,252,0,0,0,0,0,0,-25896,-31,0,0,0,0,0,0,0,0,0,0,0,0,0
2021/9/15,61.9,62.3,61,61.2,-0.6,-0.9709,62.68,64.47,65.49,69.59,70.005,247,273,0,0,0,0,0,0,-26087,-191,0,0,0,0,0,0,0,0,0,0,0,0,0
2021/9/16,61.4,62,60.9,61,-0.2,-0.3268,61.9,63.85,65.325,69.325,70.0167,213,290,0,0,0,0,0,0,-26235,-148,0,0,0,0,0,0,0,0,0,0,0,0,0
2021/9/17,61.2,61.2,59.3,60.3,-0.7,-1.1475,61.2,63.09,65.11,69.0517,70.0192,599,367,0,0,0,0,0,0,-26092,143,0,0,0,0,0,0,0,0,0,0,0,0,0
2021/9/22,60.3,60.3,59.1,59.4,-0.9,-1.4925,60.74,62.43,64.84,68.7733,69.9975,128,282,0,0,0,0,0,0,-26826,-734,0,0,0,0,0,0,0,0,0,0,0,0,0
2021/9/23,59.4,60.7,58.6,60.7,1.3,2.1886,60.52,61.94,64.64,68.535,69.9858,233,284,0,0,0,0,0,0,-26313,513,0,0,0,0,0,0,0,0,0,0,0,0,0
2021/9/24,60.9,62.2,60.2,61.5,0.8,1.318,60.58,61.63,64.44,68.295,69.9825,273,289,0,0,0,0,0,0,-25867,446,0,0,0,0,0,0,0,0,0,0,0,0,0
2021/9/27,61.5,63.5,61.5,63.4,1.9,3.0894,61.06,61.48,64.31,68.095,69.99,549,356,0,0,0,0,0,0,-25618,249,0,0,0,0,0,0,0,0,0,0,0,0,0
2021/9/28,63.8,64.5,62.5,64.4,1,1.5773,61.88,61.54,64.05,67.9283,69.97,697,376,0,0,0,0,0,0,-25807,-189,0,0,0,0,0,0,0,0,0,0,0,0,0
2021/9/29,56,57.1,55.2,55.8,-8.6,-13.354,61.16,60.95,63.375,67.6233,69.8425,4375,1225,0,0,0,0,0,0,-26500,-693,7747,1550,775,0,0,0,0,0,0,7747,1550,775,0
2021/9/30,55.7,55.7,52.8,53.5,-2.3,-4.1219,59.72,60.12,62.625,67.305,69.7167,2370,1652,0,0,0,0,0,0,-25951,549,7757,3101,1551,0,0,0,0,0,0,7757,3101,1551,0
2021/10/1,52.5,53.4,51.9,52.7,-0.8,-1.4953,57.96,59.27,61.87,66.985,69.565,2017,2001,0,0,0,0,0,0,-26820,-869,7769,4655,2328,0,0,0,0,0,0,7769,4655,2328,0
2021/10/4,53,53,50.5,52.4,-0.3,-0.5693,55.76,58.41,61.13,66.6317,69.3983,2206,2333,0,0,0,0,0,0,-27360,-540,7763,6208,3104,0,0,0,0,0,0,7763,6208,3104,0
2021/10/5,51.4,52.7,50.4,52.7,0.3,0.5725,53.42,57.65,60.37,66.3017,69.2333,1584,2510,0,0,0,0,0,0,-26970,390,7808,7770,3885,0,0,0,0,0,0,7808,7770,3885,0
2021/10/6,52.5,52.5,51.1,51.1,-1.6,-3.0361,52.48,56.82,59.625,65.9517,69.0425,489,1733,0,0,0,0,0,0,-27325,-355,7830,7786,4668,0,0,0,0,0,0,7830,7786,4668,0
2021/10/7,51.1,51.5,50.8,50.9,-0.2,-0.3914,51.96,55.84,58.89,65.62,68.8417,712,1401,0,0,0,0,0,0,-26457,868,7834,7802,5451,0,0,0,0,0,0,7834,7802,5451,0
2021/10/8,51,51,50.2,50.2,-0.7,-1.3752,51.46,54.71,58.17,65.2933,68.6275,641,1126,0,0,0,0,0,0,-26538,-81,7841,7816,6236,0,0,0,0,0,0,7841,7816,6236,0
2021/10/12,49.95,49.95,48.7,48.75,-1.45,-2.8884,50.73,53.245,57.3625,64.9392,68.4063,751,835,0,0,0,0,0,0,-27006,-468,7795,7822,7015,0,0,0,0,0,0,7795,7822,7015,0
2021/10/13,49,49.1,47.65,47.65,-1.1,-2.2564,49.72,51.57,56.555,64.5483,68.1908,683,655,0,0,0,0,0,0,-27424,-418,7795,7820,7795,0,0,0,0,0,0,7795,7820,7795,0
2021/10/14,47.9,48.55,47.55,48.4,0.75,1.574,49.18,50.83,55.89,64.1617,68.01,295,616,0,0,0,0,0,0,-27213,211,7863,7826,7806,0,0,0,0,0,0,7863,7826,7806,0
2021/10/15,49,49.3,48.45,48.5,0.1,0.2066,48.7,50.33,55.225,63.78,67.8242,310,536,0,0,0,0,0,0,-26603,610,7879,7835,7819,0,0,0,0,0,0,7879,7835,7819,0
2021/10/18,48.45,48.65,48,48.05,-0.45,-0.9278,48.27,49.865,54.5675,63.4025,67.6288,266,461,0,0,0,0,0,0,-26443,160,7859,7839,7828,0,0,0,0,0,0,7859,7839,7828,0
2021/10/19,48.05,48.3,48.05,48.2,0.15,0.3122,48.16,49.445,53.9275,63.0425,67.4421,326,376,0,0,0,0,0,0,-25993,450,7916,7863,7843,0,0,0,0,0,0,7916,7863,7843,0
2021/10/20,48.2,48.2,47.85,47.9,-0.3,-0.6224,48.21,48.965,53.3075,62.6675,67.2579,320,303,0,0,0,0,0,0,-25981,12,7901,7884,7852,0,0,0,0,0,0,7901,7884,7852,0
2021/10/21,47.9,48.45,47.85,48.2,0.3,0.6263,48.17,48.675,52.7475,62.2842,67.0838,243,293,0,0,0,0,0,0,-25896,85,7922,7896,7861,0,0,0,0,0,0,7922,7896,7861,0
2021/10/22,48.25,48.35,48.05,48.05,-0.15,-0.3112,48.08,48.39,52.115,61.8883,66.8925,202,271,0,0,0,0,0,0,-26017,-121,7884,7897,7866,0,0,0,0,0,0,7884,7897,7866,0
2021/10/25,48.05,48.25,47.9,48.25,0.2,0.4162,48.12,48.195,51.4525,61.5092,66.7121,232,264,0,0,0,0,0,0,-25732,285,7903,7906,7872,0,0,0,0,0,0,7903,7906,7872,0
2021/10/26,48.2,48.4,48,48,-0.25,-0.5181,48.08,48.12,50.6825,61.1192,66.5288,282,255,0,0,0,0,0,0,-25458,274,7844,7891,7877,0,0,0,0,0,0,7844,7891,7877,0
2021/10/27,48,48.3,47.95,48.2,0.2,0.4167,48.14,48.175,49.8725,60.7392,66.3529,255,242,0,0,0,0,0,0,-25336,122,7834,7878,7881,0,0,0,0,0,0,7834,7878,7881,0
2021/10/28,48.05,48.25,47.9,47.95,-0.25,-0.5187,48.09,48.13,49.48,60.35,66.1725,315,257,0,0,0,0,0,0,-25288,48,7842,7862,7879,0,0,0,0,0,0,7842,7862,7879,0
2021/10/29,48,48.3,47.9,48.3,0.35,0.7299,48.14,48.11,49.22,59.9883,65.9925,227,262,0,0,0,0,0,0,-25415,-127,7835,7852,7875,0,0,0,0,0,0,7835,7852,7875,0
2021/11/1,48.6,50.8,48.25,49.9,1.6,3.3126,48.47,48.295,49.08,59.6333,65.8375,728,361,0,0,0,0,0,0,-25013,402,7906,7853,7879,0,0,0,0,0,0,7906,7853,7879,0
2021/11/2,49.8,49.8,48.7,48.95,-0.95,-1.9038,48.66,48.37,48.9075,59.2542,65.7113,459,396,0,0,0,0,0,0,-25392,-379,7825,7849,7870,0,0,0,0,0,0,7825,7849,7870,0
2021/11/3,49.3,49.3,48.75,48.9,-0.05,-0.1021,48.8,48.47,48.7175,58.8692,65.5688,197,385,0,0,0,0,0,0,-25004,388,7806,7843,7861,0,0,0,0,0,0,7806,7843,7861,0
2021/11/4,48.9,49,48.45,48.45,-0.45,-0.9202,48.9,48.495,48.585,58.46,65.4242,280,378,0,0,0,0,0,0,-24917,87,7808,7837,7849,0,0,0,0,0,0,7808,7837,7849,0
2021/11/5,48.45,48.6,48.35,48.35,-0.1,-0.2064,48.91,48.525,48.4575,58.0408,65.2988,204,373,0,0,0,0,0,0,-24905,12,7803,7830,7841,0,0,0,0,0,0,7803,7830,7841,0
2021/11/8,48.35,48.55,48.2,48.5,0.15,0.3102,48.63,48.55,48.3725,57.6942,65.1529,103,248,0,0,0,0,0,0,-24806,99,7814,7812,7832,0,0,0,0,0,0,7814,7812,7832,0
2021/11/9,48.5,48.6,48.25,48.25,-0.25,-0.5155,48.49,48.575,48.3475,57.345,65.0033,174,191,0,0,0,0,0,0,-24684,122,7825,7812,7830,0,0,0,0,0,0,7825,7812,7830,0
2021/11/10,48.3,48.55,48.25,48.55,0.3,0.6218,48.42,48.61,48.3925,57.0075,64.8596,129,178,0,0,0,0,0,0,-24615,69,7833,7817,7830,0,0,0,0,0,0,7833,7817,7830,0
2021/11/11,48,48.25,47.6,48.15,-0.4,-0.8239,48.36,48.63,48.38,56.69,64.7108,319,185,0,0,0,0,0,0,-24701,-86,7852,7826,7831,0,0,0,0,0,0,7852,7826,7831,0
2021/11/12,48.15,48.55,48.1,48.25,0.1,0.2077,48.34,48.625,48.3675,56.4458,64.5429,308,206,0,0,0,0,0,0,-24710,-9,7933,7852,7841,0,0,0,0,0,0,7933,7852,7841,0
2021/11/15,48.6,48.6,48.1,48.2,-0.05,-0.1036,48.28,48.455,48.375,56.1442,64.3621,279,241,0,0,0,0,0,0,-24534,176,7959,7881,7846,0,0,0,0,0,0,7959,7881,7846,0
2021/11/16,48.2,48.2,48.1,48.15,-0.05,-0.1037,48.26,48.375,48.3725,55.875,64.1892,131,233,0,0,0,0,0,0,-24513,21,7974,7911,7861,0,0,0,0,0,0,7974,7911,7861,0
2021/11/17,48.2,48.4,48.15,48.4,0.25,0.5192,48.23,48.325,48.3975,55.605,64.01,190,245,0,0,0,0,0,0,-24395,118,7971,7939,7878,0,0,0,0,0,0,7971,7939,7878,0
2021/11/18,48.4,49.75,48.4,49.55,1.15,2.376,48.51,48.435,48.465,55.3508,63.8396,621,305,0,0,0,0,0,0,-24350,45,8112,7991,7908,0,0,0,0,0,0,8112,7991,7908,0
2021/11/19,49.85,50.4,49.85,50.1,0.55,1.11,48.88,48.61,48.5675,55.1075,63.6796,792,402,0,0,0,0,0,0,-24613,-263,8072,8018,7935,0,0,0,67,13,7,8139,8032,7942,0
2021/11/22,50.1,50.1,49.4,49.5,-0.6,-1.1976,49.14,48.71,48.63,54.8408,63.5188,460,438,0,0,0,0,0,0,-24400,213,8005,8028,7954,0,0,0,132,40,20,8137,8067,7974,0
2021/11/23,49.05,49.25,49.05,49.1,-0.4,-0.8081,49.33,48.795,48.685,54.5592,63.3221,247,462,0,0,0,0,0,0,-24900,-500,8008,8034,7973,0,0,0,206,81,40,8214,8115,8013,0
2021/11/24,49.6,50.3,49.15,50.3,1.2,2.444,49.71,48.97,48.79,54.2375,63.0854,298,483,0,0,0,0,0,0,-24534,366,8073,8055,7997,0,0,0,233,128,64,8306,8182,8061,0
2021/11/25,50.5,50.8,50,50.1,-0.2,-0.3976,49.82,49.165,48.8975,53.9175,62.8738,403,440,0,0,0,0,0,0,-24667,-133,8041,8041,8016,0,0,0,0,128,64,8041,8168,8079,0
2021/11/26,50,50,49.5,49.6,-0.5,-0.998,49.72,49.3,48.9625,53.6025,62.6463,247,331,0,0,0,0,0,0,-25372,-705,8029,8032,8025,0,0,0,335,181,97,8364,8213,8123,0
2021/11/29,49.1,49.1,48.5,49,-0.6,-1.2097,49.62,49.38,48.9175,53.2892,62.4113,294,297,0,0,0,0,0,0,-25740,-368,8048,8041,8034,0,0,0,372,229,134,8420,8270,8169,0
2021/11/30,49.1,49.3,49,49.1,0.1,0.2041,49.62,49.475,48.925,52.9875,62.1913,208,290,0,0,0,0,0,0,-25405,335,8075,8054,8044,0,0,0,393,267,174,8468,8321,8218,0
2021/12/1,49.1,49.4,48.65,49.2,0.1,0.2037,49.4,49.555,48.94,52.6758,61.9846,182,266,0,0,0,0,0,0,-25043,362,8115,8062,8059,0,0,0,430,306,217,8545,8368,8275,0
2021/12/2,49.15,49.3,48.95,49,-0.2,-0.4065,49.18,49.5,48.9675,52.3925,61.7763,184,223,0,0,0,0,0,0,-25469,-426,8109,8076,8058,0,0,0,472,400,264,8581,8476,8322,0
2021/12/3,49.05,49.45,49,49.25,0.25,0.5102,49.11,49.415,49.0125,52.12,61.5517,139,201,0,0,0,0,0,0,-25037,432,8137,8098,8065,0,0,0,483,430,306,8620,8528,8370,0
2021/12/6,49.05,49.2,48.8,48.9,-0.35,-0.7107,49.09,49.355,49.0325,51.8583,61.3208,207,184,0,0,0,0,0,0,-25019,18,8146,8117,8079,0,0,0,0,356,292,8146,8473,8371,0
2021/12/7,49,49.2,48.9,48.9,0,0,49.05,49.335,49.065,51.5917,61.085,233,189,0,0,0,0,0,0,-24905,114,8160,8134,8094,0,0,0,523,382,324,8683,8516,8418,0
2021/12/8,49,49.25,48.9,49.1,0.2,0.409,49.03,49.215,49.0925,51.3467,60.855,269,206,0,0,0,0,0,0,-24623,282,8221,8155,8109,0,0,0,0,296,301,8221,8451,8410,0
2021/12/9,49.3,49.3,49,49.05,-0.05,-0.1018,49.04,49.11,49.1375,51.1358,60.6154,168,203,0,0,0,0,0,0,-24579,44,8228,8179,8127,0,0,0,0,201,301,8228,8380,8428,0
2021/12/10,49.05,49.6,48.95,49.5,0.45,0.9174,49.09,49.1,49.2,50.9308,60.3888,141,203,0,0,0,0,0,0,-24789,-210,8240,8199,8148,0,0,0,562,217,324,8802,8416,8472,0
2021/12/13,49.5,49.5,49,49,-0.5,-1.0101,49.11,49.1,49.24,50.7275,60.1588,221,206,0,0,0,0,0,0,-24705,84,8208,8212,8164,0,0,0,0,217,286,8208,8429,8451,0
2021/12/14,48.9,49.25,48.7,48.95,-0.05,-0.102,49.12,49.085,49.28,50.5267,59.9258,140,187,0,0,0,0,0,0,-25404,-699,8182,8216,8175,0,0,0,605,233,308,8787,8450,8483,0
2021/12/15,48.8,49.05,48.8,49,0.05,0.1021,49.1,49.065,49.31,50.3383,59.695,81,150,0,0,0,0,0,0,-25172,232,8187,8209,8182,0,0,0,619,357,326,8806,8567,8509,0
2021/12/16,49,49,48.9,49,0,0,49.09,49.065,49.2825,50.165,59.4692,115,139,0,0,0,0,0,0,-24881,291,8178,8199,8189,0,0,0,649,487,344,8827,8686,8533,0
2021/12/17,49,49,48.9,48.95,-0.05,-0.102,48.98,49.035,49.225,49.9692,59.2521,91,129,0,0,0,0,0,0,-25051,-170,8189,8189,8194,0,0,0,677,510,364,8866,8699,8558,0
2021/12/20,48.85,48.9,48.8,48.85,-0.1,-0.2043,48.95,49.03,49.1925,49.7583,59.0267,111,107,0,0,0,0,0,0,-25183,-132,8184,8184,8198,0,0,0,702,650,434,8886,8835,8632,0
2021/12/21,48.85,49.15,48.5,48.75,-0.1,-0.2047,48.91,49.015,49.175,49.5142,58.8046,330,145,0,0,0,0,0,0,-24793,390,8204,8189,8203,0,0,0,767,683,458,8971,8872,8661,0
2021/12/22,48.85,49,48.5,48.75,0,0,48.86,48.98,49.0975,49.2533,58.5908,130,155,0,0,0,0,0,0,-24728,65,8223,8196,8203,0,0,0,0,559,458,8223,8755,8661,0
2021/12/23,48.75,48.8,48.65,48.75,0,0,48.81,48.95,49.03,49.1358,58.3796,181,168,0,0,0,0,0,0,-24436,292,8225,8205,8202,0,0,0,824,594,540,9049,8799,8743,0
2021/12/24,48.85,50.7,48.85,50.5,1.75,3.5897,49.12,49.05,49.075,49.0858,58.1954,1010,352,0,0,0,0,0,0,-24489,-53,8322,8232,8211,0,0,0,844,627,569,9166,8859,8779,0
2021/12/27,51.1,52.7,50.8,52.7,2.2,4.3564,49.89,49.42,49.26,49.0858,58.0354,1769,684,0,0,0,0,0,0,-24129,360,8368,8269,8227,0,0,0,0,487,569,8368,8756,8795,0
2021/12/28,52.9,52.9,51.1,51.6,-1.1,-2.0873,50.46,49.685,49.385,49.0725,57.8521,768,771,0,0,0,0,0,0,-24113,16,8288,8286,8237,0,0,0,876,509,596,9164,8794,8833,0
2021/12/29,51.6,51.8,50,50.5,-1.1,-2.1318,50.81,49.835,49.45,49.0358,57.6688,936,932,0,0,0,0,0,0,-23728,385,8350,8311,8254,0,0,0,886,686,622,9236,8997,8876,0
2021/12/30,50.5,50.5,49.9,50.2,-0.3,-0.5941,51.1,49.955,49.51,49.0208,57.4863,447,986,0,0,0,0,0,0,-23804,-76,8315,8329,8267,0,0,0,0,521,558,8315,8850,8825,0
2022/1/3,50.3,50.3,49.35,49.4,-0.8,-1.5936,50.88,50,49.5175,48.9958,57.3079,676,919,0,0,0,0,0,0,-24081,-277,8305,8326,8279,0,0,0,0,352,490,8305,8678,8769,0
2022/1/4,49.4,49.9,49.4,49.75,0.35,0.7085,50.29,50.09,49.56,48.9883,57.1408,151,595,0,0,0,0,0,0,-24137,-56,8309,8314,8291,0,0,0,0,352,420,8309,8666,8711,0
2022/1/5,49.4,49.5,49.1,49.3,-0.45,-0.9045,49.83,50.145,49.58,48.9975,56.9683,227,487,0,0,0,0,0,0,-24387,-250,8310,8318,8302,0,0,0,0,177,343,8310,8495,8645,0
2022/1/6,49.3,49.65,49.3,49.5,0.2,0.4057,49.63,50.22,49.6,49.0283,56.7883,93,318,0,0,0,0,0,0,-24628,-241,8329,8314,8313,0,0,0,0,0,343,8329,8314,8656,0
2022/1/7,49.5,49.5,49.15,49.2,-0.3,-0.6061,49.43,50.265,49.6075,49.0417,56.6017,184,266,0,0,0,0,0,0,-25094,-466,8324,8316,8322,0,0,0,0,0,261,8324,8316,8583,0
2022/1/10,49.35,49.6,49.2,49.4,0.2,0.4065,49.43,50.155,49.6025,49.0567,56.4183,132,157,0,0,0,0,0,0,-24952,142,8331,8321,8323,0,0,0,0,0,176,8331,8321,8500,0
2022/1/11,49.5,49.55,49.3,49.4,0,0,49.36,49.825,49.6225,49.0792,56.2408,128,152,0,0,0,0,0,0,-25368,-416,8339,8327,8320,0,0,0,0,0,176,8339,8327,8497,0
2022/1/12,49.5,49.75,49.45,49.75,0.35,0.7085,49.45,49.64,49.6625,49.105,56.0738,153,138,0,0,0,0,0,0,-25385,-17,8359,8337,8328,0,0,0,0,0,89,8359,8337,8416,0
2022/1/13,49.9,49.95,49.5,49.7,-0.05,-0.1005,49.49,49.56,49.6975,49.135,55.9013,148,149,0,0,0,0,0,0,-25395,-10,8382,8347,8331,0,0,0,0,0,0,8382,8347,8331,0
2022/1/14,49.65,49.65,49,49.45,-0.25,-0.503,49.54,49.485,49.72,49.1558,55.72,240,160,0,0,0,0,0,0,-26047,-652,8378,8358,8337,0,0,0,0,0,0,8378,8358,8337,0
2022/1/17,49.05,49.15,49,49.1,-0.35,-0.7078,49.48,49.455,49.7275,49.1733,55.5308,227,179,0,0,0,0,0,0,-25771,276,8354,8363,8342,0,0,0,0,0,0,8354,8363,8342,0
2022/1/18,49.5,49.5,49.1,49.2,0.1,0.2037,49.44,49.4,49.745,49.1892,55.3492,93,172,0,0,0,0,0,0,-25752,19,8357,8366,8347,0,0,0,0,0,0,8357,8366,8347,0
2022/1/19,49.2,49.2,49.05,49.2,0,0,49.33,49.39,49.7675,49.2092,55.1642,103,162,0,0,0,0,0,0,-26114,-362,8395,8374,8355,0,0,0,0,0,0,8395,8374,8355,0
2022/1/20,49.2,49.2,48.9,49.05,-0.15,-0.3049,49.2,49.345,49.7825,49.2233,54.9813,119,156,0,0,0,0,0,0,-25885,229,8413,8380,8364,0,0,0,0,0,0,8413,8380,8364,0
2022/1/21,49,49,48.8,48.8,-0.25,-0.5097,49.07,49.305,49.785,49.2375,54.7938,159,140,0,0,0,0,0,0,-26689,-804,8412,8387,8372,0,0,0,0,0,0,8412,8387,8372,0
2022/1/24,48.7,48.9,48.15,48.6,-0.2,-0.4098,48.97,49.225,49.69,49.2425,54.6154,117,118,0,0,0,0,0,0,-27001,-312,8427,8401,8382,0,0,0,0,0,0,8427,8401,8382,0
2022/1/25,48.6,48.6,48.3,48.3,-0.3,-0.6173,48.79,49.115,49.47,49.2158,54.4246,166,132,0,0,0,0,0,0,-27743,-742,8415,8413,8390,0,0,0,0,0,0,8415,8413,8390,0
2022/1/26,48.15,48.3,48,48.1,-0.2,-0.4141,48.57,48.95,49.295,49.2017,54.2279,216,155,0,0,0,0,0,0,-27543,200,8408,8415,8395,0,0,0,0,0,0,8408,8415,8395,0
2022/2/7,48.15,49.6,48.15,49.6,1.5,3.1185,48.68,48.94,49.25,49.2133,54.0413,197,171,0,0,0,0,0,0,-26779,764,8408,8414,8397,0,0,0,0,0,0,8408,8414,8397,0
2022/2/8,50.2,50.4,49.35,49.7,0.1,0.2016,48.86,48.965,49.225,49.2342,53.8471,396,218,0,0,0,0,0,0,-26159,620,8375,8407,8397,0,0,0,0,0,0,8375,8407,8397,0
2022/2/9,49.7,49.7,49.25,49.55,-0.15,-0.3018,49.05,49.01,49.2325,49.2542,53.6475,183,231,0,0,0,0,0,0,-25575,584,8411,8404,8403,0,0,0,0,0,0,8411,8404,8403,0
2022/2/10,49.55,50,49.4,50,0.45,0.9082,49.39,49.09,49.245,49.2792,53.4867,188,236,0,0,0,0,0,0,-25637,-62,8455,8412,8412,0,0,0,0,0,0,8455,8412,8412,0
2022/2/11,49.85,49.9,49.65,49.85,-0.15,-0.3,49.74,49.155,49.2725,49.3058,53.3254,109,214,0,0,0,0,0,0,-25885,-248,8454,8421,8418,0,0,0,0,0,0,8454,8421,8418,0
2022/2/14,49.6,49.6,48.8,48.8,-1.05,-2.1063,49.58,49.13,49.2375,49.31,53.1588,277,230,0,0,0,0,0,0,-26567,-682,8447,8429,8422,0,0,0,0,0,0,8447,8429,8422,0
2022/2/15,48.8,48.95,48.65,48.75,-0.05,-0.1025,49.39,49.125,49.215,49.32,53.005,85,168,0,0,0,0,0,0,-26625,-58,8431,8440,8424,0,0,0,0,0,0,8431,8440,8424,0
2022/2/16,49.2,49.2,48.8,48.9,0.15,0.3077,49.26,49.155,49.19,49.3308,52.8883,88,149,0,0,0,0,0,0,-25948,677,8459,8450,8427,0,0,0,0,0,0,8459,8450,8427,0
2022/2/17,48.8,49,48.75,48.95,0.05,0.1022,49.05,49.22,49.1675,49.3433,52.7438,71,126,0,0,0,0,0,0,-25905,43,8475,8454,8433,0,0,0,0,0,0,8475,8454,8433,0
2022/2/18,48.65,48.9,48.65,48.75,-0.2,-0.4086,48.83,49.285,49.1175,49.3533,52.6142,110,126,0,0,0,0,0,0,-25668,237,8472,8457,8439,0,0,0,0,0,0,8472,8457,8439,0
2022/2/21,48.75,49.25,48.75,49.15,0.4,0.8205,48.9,49.24,49.09,49.3658,52.4854,173,105,0,0,0,0,0,0,-25593,75,8528,8473,8451,0,0,0,0,0,0,8528,8473,8451,0
2022/2/22,49.15,49.15,48.55,48.65,-0.5,-1.0173,48.88,49.135,49.05,49.3508,52.3508,174,123,0,0,0,0,0,0,-26385,-792,8476,8482,8461,0,0,0,0,0,0,8476,8482,8461,0
2022/2/23,48.55,48.9,48.55,48.9,0.25,0.5139,48.88,49.07,49.04,49.3308,52.2192,113,128,0,0,0,0,0,0,-25840,545,8505,8492,8471,0,0,0,0,0,0,8505,8492,8471,0
2022/2/24,48.55,48.75,48.3,48.45,-0.45,-0.9202,48.78,48.915,49.0025,49.3133,52.0771,224,158,0,0,0,0,0,0,-26672,-832,8526,8502,8478,0,0,0,0,0,0,8526,8502,8478,0
2022/2/25,48.5,48.7,48.45,48.45,0,0,48.72,48.775,48.965,49.3025,51.9308,107,158,0,0,0,0,0,0,-26321,351,8520,8511,8484,0,0,0,0,0,0,8520,8511,8484,0
2022/3/1,48.45,48.7,48.45,48.6,0.15,0.3096,48.61,48.755,48.9425,49.2742,51.7558,121,147,0,0,0,0,0,0,-25614,707,8552,8516,8495,0,0,0,0,0,0,8552,8516,8495,0
2022/3/2,48.55,49.05,48.55,48.9,0.3,0.6173,48.66,48.77,48.9475,49.2542,51.5858,160,145,0,0,0,0,0,0,-25513,101,8570,8535,8509,0,0,0,0,0,0,8570,8535,8509,0
2022/3/3,48.9,49,48.7,48.75,-0.15,-0.3067,48.63,48.755,48.955,49.24,51.4213,118,146,0,0,0,0,0,0,-25385,128,8567,8547,8520,0,0,0,0,0,0,8567,8547,8520,0
2022/3/4,48.75,48.75,48.45,48.6,-0.15,-0.3077,48.66,48.72,48.97,49.2333,51.2613,119,125,0,0,0,0,0,0,-25915,-530,8562,8555,8528,0,0,0,0,0,0,8562,8555,8528,0
2022/3/7,48.1,48.2,47.7,47.95,-0.65,-1.3374,48.56,48.64,48.9625,49.2142,51.1008,320,167,0,0,0,0,0,0,-26769,-854,8550,8561,8536,0,0,0,0,0,0,8550,8561,8536,0
2022/3/8,47.9,47.9,47.45,47.5,-0.45,-0.9385,48.34,48.475,48.8575,49.1858,50.9308,198,183,0,0,0,0,0,0,-27547,-778,8551,8560,8538,0,0,0,0,0,0,8551,8560,8538,0
2022/3/9,47.5,47.95,47.5,47.55,0.05,0.1053,48.07,48.365,48.75,49.1617,50.7771,113,173,0,0,0,0,0,0,-26881,666,8546,8556,8545,0,0,0,0,0,0,8546,8556,8545,0
2022/3/10,47.55,47.95,47.55,47.75,0.2,0.4206,47.87,48.25,48.66,49.1367,50.6283,95,169,0,0,0,0,0,0,-26110,771,8541,8550,8549,0,0,0,0,0,0,8541,8550,8549,0
2022/3/11,48.3,48.55,48.3,48.4,0.65,1.3613,47.83,48.245,48.58,49.1283,50.4933,205,186,0,0,0,0,0,0,-26487,-377,8567,8551,8553,0,0,0,0,0,0,8567,8551,8553,0
2022/3/14,48.4,49.1,48.4,48.9,0.5,1.0331,48.02,48.29,48.5325,49.1283,50.36,195,161,0,0,0,0,0,0,-26366,121,8550,8551,8556,0,0,0,0,0,0,8550,8551,8556,0
2022/3/15,48.5,48.6,48.35,48.4,-0.5,-1.0225,48.2,48.27,48.5125,49.1167,50.2317,168,155,0,0,0,0,0,0,-27088,-722,8558,8553,8557,0,0,0,0,0,0,8558,8553,8557,0
2022/3/16,48.5,48.7,48.35,48.35,-0.05,-0.1033,48.36,48.215,48.4925,49.105,50.1204,87,150,0,0,0,0,0,0,-26929,159,8557,8555,8555,0,0,0,0,0,0,8557,8555,8555,0
2022/3/17,48.5,48.9,48.45,48.8,0.45,0.9307,48.57,48.22,48.4875,49.0933,50.0121,169,164,0,0,0,0,0,0,-26082,847,8651,8577,8564,0,0,0,0,0,0,8651,8577,8564,0
2022/3/18,48.8,48.8,48,48,-0.8,-1.6393,48.49,48.16,48.44,49.0767,49.9021,180,159,0,0,0,0,0,0,-25890,192,8562,8576,8564,0,0,0,0,0,0,8562,8576,8564,0
2022/3/21,48.45,48.55,48.2,48.5,0.5,1.0417,48.41,48.215,48.4275,49.0692,49.7979,143,149,0,0,0,0,0,0,-25537,353,8619,8590,8571,0,0,0,0,0,0,8619,8590,8571,0
2022/3/22,48.5,48.55,48.45,48.5,0,0,48.43,48.315,48.395,49.0608,49.6996,103,136,0,0,0,0,0,0,-25286,251,8622,8603,8578,0,0,0,0,0,0,8622,8603,8578,0
2022/3/23,48.75,48.9,48.75,48.85,0.35,0.7216,48.53,48.445,48.405,49.0583,49.6117,179,154,0,0,0,0,0,0,-25045,241,8636,8618,8587,0,0,0,0,0,0,8636,8618,8587,0
2022/3/24,48.75,48.85,48.45,48.7,-0.15,-0.3071,48.51,48.54,48.395,49.0542,49.5117,139,148,0,0,0,0,0,0,-25135,-90,8653,8619,8598,0,0,0,0,0,0,8653,8619,8598,0
2022/3/25,48.5,48.65,48.3,48.5,-0.2,-0.4107,48.61,48.55,48.3975,49.0483,49.4033,110,134,0,0,0,0,0,0,-25467,-332,8645,8635,8606,0,0,0,0,0,0,8645,8635,8606,0
2022/3/28,48.3,48.5,48.2,48.4,-0.1,-0.2062,48.59,48.5,48.395,49.0425,49.2783,79,122,0,0,0,0,0,0,-25674,-207,8643,8640,8615,0,0,0,0,0,0,8643,8640,8615,0
2022/3/29,48.45,48.55,48.4,48.45,0.05,0.1033,48.58,48.505,48.3875,49.0375,49.1454,77,116,0,0,0,0,0,0,-25681,-7,8650,8646,8624,0,0,0,0,0,0,8650,8646,8624,0
2022/3/30,48.5,48.8,48.4,48.8,0.35,0.7224,48.57,48.55,48.3825,49.0383,49.0871,179,116,0,0,0,0,0,0,-25236,445,8708,8660,8639,0,0,0,0,0,0,8708,8660,8639,0
2022/3/31,48.6,48.65,48.45,48.45,-0.35,-0.7172,48.52,48.515,48.3675,49.0042,49.045,80,105,0,0,0,0,0,0,-25573,-337,8711,8672,8645,0,0,0,0,0,0,8711,8672,8645,0
2022/4/1,48.45,48.55,48.3,48.45,0,0,48.51,48.56,48.36,48.9333,49.0096,74,97,0,0,0,0,0,0,-25793,-220,8708,8684,8660,0,0,0,0,0,0,8708,8684,8660,0
2022/4/6,48.3,48.5,48.05,48.15,-0.3,-0.6192,48.46,48.525,48.37,48.8758,48.9742,185,119,0,0,0,0,0,0,-25821,-28,8616,8679,8660,0,0,0,0,0,0,8616,8679,8660,0
2022/4/7,48.05,48.15,48,48,-0.15,-0.3115,48.37,48.475,48.395,48.8342,48.935,166,136,0,0,0,0,0,0,-26503,-682,8605,8670,8658,0,0,0,0,0,0,8605,8670,8658,0
2022/4/8,48.4,48.4,48,48.15,0.15,0.3125,48.24,48.405,48.425,48.8,48.9104,46,110,0,0,0,0,0,0,-26056,447,8609,8650,8655,0,0,0,0,0,0,8609,8650,8655,0
2022/4/11,48.05,48.3,47.7,47.8,-0.35,-0.7269,48.11,48.315,48.4275,48.7733,48.8846,202,134,0,0,0,0,0,0,-26616,-560,8562,8620,8646,0,0,0,0,0,0,8562,8620,8646,0
2022/4/12,47.65,47.7,47.45,47.45,-0.35,-0.7322,47.91,48.21,48.38,48.735,48.8617,243,168,0,0,0,0,0,0,-26850,-234,8567,8592,8638,0,0,0,0,0,0,8567,8592,8638,0
2022/4/13,47.45,47.7,47.45,47.65,0.2,0.4215,47.81,48.135,48.3175,48.7075,48.8525,105,152,0,0,0,0,0,0,-26199,651,8579,8585,8632,0,0,0,0,0,0,8579,8585,8632,0
2022/4/14,47.75,47.85,47.7,47.75,0.1,0.2099,47.76,48.065,48.285,48.6783,48.8533,66,132,1,0.2,0.1,0,0,0,-26270,-71,8572,8578,8624,0,0,0,0,0,0,8572,8578,8624,0
2022/4/15,47.75,47.8,47.6,47.6,-0.15,-0.3141,47.65,47.945,48.2475,48.6517,48.8467,89,141,1,0.4,0.2,0,0,0,-26769,-499,8555,8567,8609,0,0,0,0,0,0,8555,8567,8609,0
2022/4/18,47.6,47.6,47.3,47.4,-0.2,-0.4202,47.57,47.84,48.1775,48.6183,48.8375,131,126,1,0.6,0.3,0,0,0,-27159,-390,8547,8564,8592,0,0,0,0,0,0,8547,8564,8592,0
2022/4/19,47.5,47.6,47.4,47.4,0,0,47.56,47.735,48.1475,48.585,48.8321,80,94,1,0.8,0.4,0,0,0,-26723,436,8561,8563,8578,0,0,0,851,170,85,9412,8733,8663,0
2022/4/20,47.4,47.7,47.3,47.4,0,0,47.51,47.66,48.0925,48.5458,48.8254,101,93,1,1,0.5,0,0,0,-26479,244,8593,8566,8575,0,0,0,846,339,170,9439,8905,8745,0
2022/4/21,47.5,47.7,47.5,47.6,0.2,0.4219,47.48,47.62,48.0475,48.5108,48.8229,71,94,1,1,0.6,0,0,0,-26373,106,8610,8574,8576,0,0,0,845,508,254,9455,9082,8830,0
2022/4/22,47.5,47.8,47.45,47.65,0.05,0.105,47.49,47.57,47.9875,48.4808,48.8183,83,93,1,1,0.7,0,0,0,-26659,-286,8611,8585,8576,0,0,0,0,508,254,8611,9093,8830,0
2022/4/25,47.35,47.35,47.1,47.1,-0.55,-1.1542,47.43,47.5,47.9075,48.4475,48.8104,148,96,1,1,0.8,0,0,0,-27518,-859,8586,8593,8579,0,0,0,823,673,336,9409,9266,8915,0
2022/4/26,47.2,47.2,46.8,47.05,-0.05,-0.1062,47.36,47.46,47.835,48.4117,48.8004,107,102,1,1,0.9,0,0,0,-27496,22,8584,8597,8580,0,0,0,0,503,336,8584,9100,8917,0
2022/4/27,46.6,46.6,45.8,46.05,-1,-2.1254,47.09,47.3,47.7175,48.3592,48.7842,266,135,1,1,1,0,0,0,-28205,-709,8593,8597,8582,0,0,0,0,334,336,8593,8931,8918,0
2022/4/28,46.05,46.35,46.05,46.3,0.25,0.5429,46.83,47.155,47.61,48.3133,48.7683,62,133,1,1,1,0,0,0,-27863,342,8600,8595,8584,0,0,0,0,165,336,8600,8760,8921,0
2022/4/29,46.25,46.45,46.1,46.25,-0.05,-0.108,46.55,47.02,47.4825,48.2708,48.7542,97,136,6,2,1.5,0,0,0,-27537,326,8607,8594,8590,0,0,0,816,328,418,9423,8922,9008,0
2022/5/3,46.25,48.3,44.8,46.55,0.3,0.6486,46.44,46.935,47.3875,48.2367,48.7396,346,175,7,3.2,2.1,0,0,0,-27656,-119,8612,8600,8596,0,0,0,801,323,498,9413,8923,9094,0
2022/5/4,46.9,46.9,46.55,46.65,0.1,0.2148,46.36,46.86,47.2975,48.2092,48.7125,67,167,10,5,3,0,0,0,-27580,76,8618,8606,8602,0,0,0,0,323,413,8618,8930,9015,0
2022/5/5,46.75,46.8,46.7,46.7,0.05,0.1072,46.49,46.79,47.225,48.1858,48.6938,26,119,10,6.8,3.9,0,0,0,-27111,469,8619,8612,8604,0,0,0,0,323,328,8619,8935,8933,0
2022/5/6,46.35,46.55,46.35,46.5,-0.2,-0.4283,46.53,46.68,47.15,48.1342,48.6738,55,118,10,8.6,4.8,0,0,0,-27763,-652,8605,8613,8604,0,0,0,803,484,324,9408,9097,8928,0
2022/5/9,46.1,46.1,45.75,45.75,-0.75,-1.6129,46.43,46.49,47.03,48.0683,48.6513,101,119,7,8.8,5.4,0,0,0,-28585,-822,8605,8612,8603,0,0,0,0,321,324,8605,8933,8928,0
2022/5/10,45.25,45.75,45.25,45.35,-0.4,-0.8743,46.19,46.315,46.9075,47.9983,48.6263,120,73,16,10.6,6.9,0,0,0,-28407,178,6503,8190,8395,0,0,0,804,321,322,7307,8512,8717,0
2022/5/11,45.35,45.35,44.2,44.2,-1.15,-2.5358,45.7,46.03,46.745,47.9017,48.5904,321,124,18,12.2,8.6,0,0,0,-28820,-413,6484,7764,8185,0,0,0,800,481,402,7284,8245,8587,0
2022/5/12,44,44,42,42.05,-2.15,-4.8643,44.77,45.63,46.465,47.7717,48.5388,630,245,29,16,11.4,0,0,0,-29609,-789,6490,7338,7975,0,0,0,789,639,481,7279,7977,8456,0
2022/5/13,42.25,43.25,42.25,43.05,1,2.3781,44.08,45.305,46.23,47.6758,48.4929,157,265,27,19.4,14,0,0,0,-28933,676,6539,6925,7769,0,0,0,0,479,481,6539,7403,8250,0
2022/5/16,43.15,43.2,42.5,42.75,-0.3,-0.6969,43.48,44.955,45.9875,47.5758,48.4479,108,267,27,23.4,16.1,0,0,0,-28732,201,6555,6515,7563,0,0,0,787,636,478,7342,7151,8042,0
2022/5/17,42.75,43.5,42.75,43.1,0.35,0.8187,43.03,44.61,45.7725,47.4792,48.405,79,259,28,25.8,18.2,0,0,0,-28179,553,6585,6531,7361,0,0,0,786,632,477,7371,7163,7838,0
2022/5/18,42.9,43.85,42.85,43.4,0.3,0.6961,42.87,44.285,45.5725,47.3867,48.365,215,237,28,27.8,20,0,0,0,-27656,523,6663,6567,7165,0,0,0,0,472,477,6663,7039,7642,0
2022/5/19,43.3,43.3,42.55,42.95,-0.45,-1.0369,43.05,43.91,45.35,47.29,48.3217,69,125,28,27.6,21.8,0,0,0,-28155,-499,6655,6600,6969,0,0,0,0,315,477,6655,6914,7446,0
2022/5/20,42.9,43.3,42.9,43,0.05,0.1164,43.04,43.56,45.12,47.1875,48.2767,79,110,28,27.8,23.6,0,0,0,-27789,366,6679,6628,6776,0,0,0,0,315,397,6679,6942,7173,0
2022/5/23,43.2,43.2,42.5,42.55,-0.45,-1.0465,43,43.24,44.865,47.0858,48.2183,84,105,28,28,25.7,0,0,0,-27614,175,6680,6653,6584,0,0,0,0,157,397,6680,6810,6980,0
2022/5/24,42.5,43,42.4,42.6,0.05,0.1175,42.9,42.965,44.64,46.9808,48.1558,104,110,30,28.4,27.1,0,0,0,-28176,-562,6647,6665,6598,0,0,0,0,0,316,6647,6665,6914,0
2022/5/25,42.6,42.8,42.5,42.7,0.1,0.2347,42.76,42.815,44.4225,46.885,48.0992,63,79,30,28.8,28.3,0,0,0,-27590,586,6675,6668,6617,0,0,0,0,0,236,6675,6668,6853,0
2022/5/26,42.7,43.3,42.7,42.95,0.25,0.5855,42.76,42.905,44.2675,46.7933,48.0479,103,86,28,28.8,28.2,0,0,0,-27786,-196,6695,6676,6638,0,0,0,0,0,157,6695,6676,6795,0
2022/5/27,42.8,43.05,42.8,42.95,0,0,42.75,42.895,44.1,46.6992,47.9867,85,87,28,28.8,28.3,0,0,0,-27226,560,6709,6682,6655,0,0,0,784,157,236,7493,6839,6891,0
2022/5/30,43,43.4,43,43.1,0.15,0.3492,42.86,42.93,43.9425,46.6025,47.9283,89,88,23,27.8,27.9,0,0,0,-26552,674,6731,6692,6672,0,0,0,787,314,236,7518,7006,6908,0
2022/5/31,43,43.45,43,43.4,0.3,0.6961,43.02,42.96,43.785,46.5133,47.8767,63,80,24,26.6,27.5,0,0,0,-26446,106,6738,6710,6688,0,0,0,789,472,236,7527,7182,6924,0
2022/6/1,43.3,43.4,43.1,43.25,-0.15,-0.3456,43.13,42.945,43.615,46.4242,47.8288,118,91,12,23,25.9,0,0,0,-26298,148,6756,6726,6697,0,0,0,0,472,236,6756,7198,6933,0
2022/6/2,43.25,43.35,43.15,43.3,0.05,0.1156,43.2,42.98,43.445,46.3467,47.7804,65,84,17,20.8,24.8,0,0,0,-26472,-174,6757,6739,6707,0,0,0,0,472,236,6757,7211,6943,0
2022/6/6,43.3,43.7,43.2,43.7,0.4,0.9238,43.35,43.05,43.305,46.2833,47.7346,74,81,17,18.6,23.7,0,0,0,-26377,95,6746,6746,6714,0,0,0,787,473,315,7533,7219,7029,0
2022/6/7,43.4,43.5,43.3,43.4,-0.3,-0.6865,43.41,43.135,43.1875,46.2142,47.6879,132,90,17,17.4,22.6,0,0,0,-26543,-166,6747,6749,6721,0,0,0,788,473,394,7535,7222,7114,0
2022/6/8,43.35,43.55,43.3,43.3,-0.1,-0.2304,43.39,43.205,43.085,46.14,47.6383,92,96,17,16,21.3,0,0,0,-26326,217,6758,6753,6732,0,0,0,0,315,394,6758,7068,7125,0
2022/6/9,43.25,43.5,43.15,43.3,0,0,43.4,43.265,43.04,46.055,47.5917,115,95,19,17.4,20.2,0,0,0,-26258,68,6760,6754,6740,0,0,0,0,315,394,6760,7069,7134,0
2022/6/10,43,43,42.55,42.8,-0.5,-1.1547,43.3,43.25,43.0775,45.9533,47.5408,136,109,19,17.8,19.3,0,0,0,-26482,-224,6744,6752,6745,0,0,0,0,315,394,6744,7067,7139,0
2022/6/13,42.55,42.55,42.05,42.2,-0.6,-1.4019,43,43.175,43.035,45.85,47.4833,192,133,21,18.6,18.6,0,0,0,-27292,-810,6694,6741,6744,0,0,0,787,315,394,7481,7056,7137,0
2022/6/14,42.2,42.25,41.9,42.2,0,0,42.76,43.085,43.0075,45.7475,47.4263,89,124,21,19.4,18.4,0,0,0,-27548,-256,6697,6731,6740,0,0,0,0,157,315,6697,6889,7055,0
2022/6/15,42.2,43.7,42.2,43.2,1,2.3697,42.74,43.065,43.0125,45.6542,47.3738,241,154,20,20,18,0,0,0,-27202,346,6751,6730,6742,0,0,0,788,315,315,7539,7045,7057,0
2022/6/16,43.25,43.9,42.45,42.65,-0.55,-1.2731,42.61,43.005,42.975,45.565,47.3208,384,208,22,20.6,19,0,0,0,-27886,-684,6748,6727,6741,0,0,0,949,505,410,7697,7232,7151,0
